0.09969788519637462
0.09365558912386707
0.08761329305135952
0.05740181268882175
0.054380664652567974
0.04833836858006042
0.04229607250755287
0.03927492447129909
0.03927492447129909
0.03927492447129909
0.03625377643504532
0.03625377643504532
0.03323262839879154
0.03323262839879154
0.03323262839879154
0.03323262839879154
0.03323262839879154
0.03323262839879154
0.03323262839879154
0.03323262839879154
0.03323262839879154
0.03323262839879154
0.03323262839879154
0.03323262839879154
0.03323262839879154
0.030211480362537766
0.030211480362537766
0.030211480362537766
0.030211480362537766
0.030211480362537766
0.030211480362537766
0.030211480362537766
0.030211480362537766
0.030211480362537766
0.030211480362537766
0.030211480362537766
0.027190332326283987
0.027190332326283987
0.027190332326283987
0.027190332326283987
0.027190332326283987
0.027190332326283987
0.027190332326283987
0.027190332326283987
0.027190332326283987
0.027190332326283987
0.027190332326283987
0.027190332326283987
0.027190332326283987
0.027190332326283987
0.027190332326283987
0.027190332326283987
0.027190332326283987
0.027190332326283987
0.027190332326283987
0.027190332326283987
0.027190332326283987
0.027190332326283987
0.027190332326283987
0.027190332326283987
0.02416918429003021
0.02416918429003021
0.02416918429003021
0.02416918429003021
0.02416918429003021
0.02416918429003021
0.02416918429003021
0.02416918429003021
0.02416918429003021
0.02416918429003021
0.02416918429003021
0.02416918429003021
0.02416918429003021
0.02416918429003021
0.02416918429003021
0.02416918429003021
0.02416918429003021
0.02416918429003021
0.021148036253776436
0.021148036253776436
0.021148036253776436
0.021148036253776436
0.021148036253776436
0.021148036253776436
0.021148036253776436
0.021148036253776436
0.01812688821752266
0.01812688821752266
0.01812688821752266
0.01812688821752266
0.01812688821752266
0.01812688821752266
0.01812688821752266
0.01812688821752266
0.01812688821752266
0.01812688821752266
0.01812688821752266
0.01812688821752266
0.01812688821752266
0.01812688821752266
0.01812688821752266
0.01812688821752266
0.01812688821752266
0.01812688821752266
0.01812688821752266
0.01812688821752266
0.01812688821752266
0.01812688821752266
0.01812688821752266
0.01812688821752266
0.01812688821752266
0.01812688821752266
0.015105740181268883
0.015105740181268883
0.015105740181268883
0.015105740181268883
0.015105740181268883
0.015105740181268883
0.015105740181268883
0.015105740181268883
0.015105740181268883
0.015105740181268883
0.015105740181268883
0.015105740181268883
0.015105740181268883
0.012084592145015106
0.012084592145015106
0.012084592145015106
0.012084592145015106
0.012084592145015106
0.012084592145015106
0.012084592145015106
0.012084592145015106
0.012084592145015106
0.012084592145015106
0.012084592145015106
0.00906344410876133
0.00906344410876133
0.00906344410876133
0.00906344410876133
0.00906344410876133
0.00906344410876133
0.00906344410876133
0.00906344410876133
0.00906344410876133
0.00906344410876133
0.00906344410876133
0.00906344410876133
0.00906344410876133
0.00906344410876133
0.00906344410876133
0.00906344410876133
0.00906344410876133
0.00906344410876133
0.00906344410876133
0.00906344410876133
0.00906344410876133
0.00906344410876133
0.00906344410876133
0.00906344410876133
0.00906344410876133
0.00906344410876133
0.00906344410876133
0.00906344410876133
0.00906344410876133
0.00906344410876133
0.00906344410876133
0.00906344410876133
0.00906344410876133
0.00906344410876133
0.00906344410876133
0.00906344410876133
0.00906344410876133
0.006042296072507553
0.006042296072507553
0.006042296072507553
0.006042296072507553
0.006042296072507553
0.006042296072507553
0.006042296072507553
0.006042296072507553
0.006042296072507553
0.006042296072507553
0.006042296072507553
0.006042296072507553
0.006042296072507553
0.006042296072507553
0.006042296072507553
0.006042296072507553
0.006042296072507553
0.006042296072507553
0.006042296072507553
0.006042296072507553
0.006042296072507553
0.006042296072507553
0.006042296072507553
0.006042296072507553
0.006042296072507553
0.006042296072507553
0.006042296072507553
0.006042296072507553
0.006042296072507553
0.006042296072507553
0.006042296072507553
0.006042296072507553
0.006042296072507553
0.006042296072507553
0.006042296072507553
0.006042296072507553
0.006042296072507553
0.006042296072507553
0.006042296072507553
0.006042296072507553
0.006042296072507553
0.006042296072507553
0.006042296072507553
0.0030211480362537764
0.0030211480362537764
0.0030211480362537764
0.0030211480362537764
0.0030211480362537764
0.0030211480362537764
0.0030211480362537764
0.0030211480362537764
0.0030211480362537764
0.0030211480362537764
0.0030211480362537764
0.0030211480362537764
0.0030211480362537764
0.0030211480362537764
0.0030211480362537764
0.0030211480362537764
0.0030211480362537764
0.0030211480362537764
0.0030211480362537764
0.0030211480362537764
0.0030211480362537764
0.0030211480362537764
0.0030211480362537764
0.0030211480362537764
0.0030211480362537764
0.0030211480362537764
0.0030211480362537764
0.0030211480362537764
0.0030211480362537764
0.0030211480362537764
0.0030211480362537764
0.0030211480362537764
0.0030211480362537764
0.0030211480362537764
0.0030211480362537764
0.0030211480362537764
0.0030211480362537764
0.0030211480362537764
0.0030211480362537764
0.0030211480362537764
0.0030211480362537764
0.0030211480362537764
0.0030211480362537764
0.0030211480362537764
0.0030211480362537764
0.0030211480362537764
0.0030211480362537764
0.0030211480362537764
0.0030211480362537764
0.0030211480362537764
0.0030211480362537764
0.0030211480362537764
0.0030211480362537764
0.0030211480362537764
