0.05451713395638629
0.05451713395638629
0.05451713395638629
0.05451713395638629
0.05451713395638629
0.05451713395638629
0.05451713395638629
0.05451713395638629
0.05451713395638629
0.05451713395638629
0.0529595015576324
0.0529595015576324
0.0529595015576324
0.0529595015576324
0.0529595015576324
0.0514018691588785
0.04984423676012461
0.04984423676012461
0.04984423676012461
0.048286604361370715
0.048286604361370715
0.048286604361370715
0.045171339563862926
0.045171339563862926
0.04361370716510903
0.04361370716510903
0.04361370716510903
0.04361370716510903
0.04361370716510903
0.04205607476635514
0.04205607476635514
0.040498442367601244
0.03894080996884735
0.03894080996884735
0.03582554517133956
0.03582554517133956
