0.6744548286604362
0.4517133956386293
0.32554517133956384
0.30218068535825543
0.27102803738317754
0.2632398753894081
0.20404984423676012
0.1822429906542056
0.1822429906542056
0.1822429906542056
0.17445482866043613
0.17133956386292834
0.16355140186915887
0.16355140186915887
0.16355140186915887
0.15109034267912771
0.14641744548286603
0.1292834890965732
0.11526479750778816
0.11370716510903427
0.10747663551401869
0.1059190031152648
0.09345794392523364
0.09190031152647975
0.09034267912772585
0.08722741433021806
0.08566978193146417
0.08411214953271028
0.08411214953271028
0.08099688473520249
0.08099688473520249
0.08099688473520249
0.0778816199376947
0.0778816199376947
0.0778816199376947
0.07165109034267912
0.07009345794392523
0.07009345794392523
0.06853582554517133
0.06853582554517133
0.06853582554517133
0.06853582554517133
0.06697819314641744
0.06697819314641744
0.06542056074766354
0.06542056074766354
0.06386292834890965
0.06386292834890965
0.06386292834890965
0.06230529595015576
0.059190031152647975
0.059190031152647975
0.059190031152647975
0.059190031152647975
0.059190031152647975
0.05451713395638629
0.0529595015576324
0.0529595015576324
0.0529595015576324
0.0514018691588785
0.04984423676012461
0.04984423676012461
0.04984423676012461
0.048286604361370715
0.048286604361370715
0.048286604361370715
0.048286604361370715
0.048286604361370715
0.048286604361370715
0.04672897196261682
0.045171339563862926
0.045171339563862926
0.045171339563862926
0.045171339563862926
0.045171339563862926
0.045171339563862926
0.045171339563862926
0.04361370716510903
0.04205607476635514
0.04205607476635514
0.04205607476635514
0.040498442367601244
0.03894080996884735
0.037383177570093455
0.037383177570093455
0.037383177570093455
0.037383177570093455
0.037383177570093455
0.03582554517133956
0.03582554517133956
0.03582554517133956
0.03426791277258567
0.03426791277258567
0.03426791277258567
0.03426791277258567
0.03271028037383177
0.03271028037383177
0.03115264797507788
0.03115264797507788
0.03115264797507788
0.03115264797507788
0.03115264797507788
0.03115264797507788
0.03115264797507788
0.03115264797507788
0.029595015576323987
0.029595015576323987
0.029595015576323987
0.029595015576323987
0.029595015576323987
0.029595015576323987
0.028037383177570093
0.028037383177570093
0.0264797507788162
0.0264797507788162
0.0264797507788162
0.0264797507788162
0.0264797507788162
0.024922118380062305
0.024922118380062305
0.024922118380062305
0.024922118380062305
0.024922118380062305
0.024922118380062305
0.024922118380062305
0.024922118380062305
0.024922118380062305
0.02336448598130841
0.02336448598130841
0.02336448598130841
0.02336448598130841
0.02336448598130841
0.02336448598130841
0.02336448598130841
0.02336448598130841
0.02336448598130841
0.02336448598130841
0.02336448598130841
0.02336448598130841
0.02336448598130841
0.021806853582554516
0.021806853582554516
0.021806853582554516
0.021806853582554516
0.021806853582554516
0.021806853582554516
0.021806853582554516
0.021806853582554516
0.021806853582554516
0.021806853582554516
0.021806853582554516
0.021806853582554516
0.021806853582554516
0.021806853582554516
0.021806853582554516
0.020249221183800622
0.020249221183800622
0.020249221183800622
0.020249221183800622
0.020249221183800622
0.020249221183800622
0.020249221183800622
0.020249221183800622
0.020249221183800622
0.020249221183800622
0.020249221183800622
0.020249221183800622
0.020249221183800622
0.020249221183800622
0.020249221183800622
0.020249221183800622
0.020249221183800622
0.020249221183800622
0.020249221183800622
0.020249221183800622
0.018691588785046728
0.018691588785046728
0.018691588785046728
0.018691588785046728
0.018691588785046728
0.018691588785046728
0.018691588785046728
0.018691588785046728
0.018691588785046728
0.018691588785046728
0.018691588785046728
0.018691588785046728
0.018691588785046728
0.018691588785046728
0.018691588785046728
0.017133956386292833
0.017133956386292833
0.017133956386292833
0.017133956386292833
0.017133956386292833
0.017133956386292833
0.017133956386292833
0.017133956386292833
0.017133956386292833
0.017133956386292833
0.017133956386292833
0.017133956386292833
0.017133956386292833
0.01557632398753894
0.01557632398753894
0.01557632398753894
0.01557632398753894
0.01557632398753894
0.01557632398753894
0.01557632398753894
0.01557632398753894
0.01557632398753894
0.01557632398753894
0.01557632398753894
0.01557632398753894
0.01557632398753894
0.01557632398753894
0.01557632398753894
0.01557632398753894
0.01557632398753894
0.01557632398753894
0.01557632398753894
0.01557632398753894
0.01557632398753894
0.01557632398753894
0.01557632398753894
0.01557632398753894
0.01557632398753894
0.01557632398753894
0.01557632398753894
0.01557632398753894
0.01557632398753894
0.01557632398753894
0.01557632398753894
0.014018691588785047
0.014018691588785047
0.014018691588785047
0.014018691588785047
0.014018691588785047
0.014018691588785047
0.014018691588785047
0.014018691588785047
0.014018691588785047
0.014018691588785047
0.014018691588785047
0.014018691588785047
0.014018691588785047
0.014018691588785047
0.014018691588785047
0.014018691588785047
0.012461059190031152
0.012461059190031152
0.012461059190031152
0.012461059190031152
0.012461059190031152
0.012461059190031152
0.012461059190031152
0.012461059190031152
0.012461059190031152
0.012461059190031152
0.012461059190031152
0.012461059190031152
0.012461059190031152
0.012461059190031152
0.012461059190031152
0.012461059190031152
0.012461059190031152
0.012461059190031152
0.012461059190031152
0.012461059190031152
0.012461059190031152
0.012461059190031152
0.012461059190031152
0.012461059190031152
0.010903426791277258
0.010903426791277258
0.010903426791277258
0.010903426791277258
0.010903426791277258
0.010903426791277258
0.010903426791277258
0.010903426791277258
0.010903426791277258
0.010903426791277258
0.010903426791277258
0.010903426791277258
0.010903426791277258
0.010903426791277258
0.010903426791277258
0.010903426791277258
0.010903426791277258
0.010903426791277258
0.010903426791277258
0.010903426791277258
0.010903426791277258
0.010903426791277258
0.010903426791277258
0.010903426791277258
0.010903426791277258
0.010903426791277258
0.010903426791277258
0.009345794392523364
0.009345794392523364
0.009345794392523364
0.009345794392523364
0.009345794392523364
0.009345794392523364
0.009345794392523364
0.009345794392523364
0.009345794392523364
0.009345794392523364
0.009345794392523364
0.009345794392523364
0.009345794392523364
0.009345794392523364
0.009345794392523364
0.009345794392523364
0.009345794392523364
0.009345794392523364
0.009345794392523364
0.009345794392523364
0.009345794392523364
0.009345794392523364
0.009345794392523364
0.009345794392523364
0.009345794392523364
0.009345794392523364
0.009345794392523364
0.009345794392523364
0.009345794392523364
0.009345794392523364
0.009345794392523364
0.00778816199376947
0.00778816199376947
0.00778816199376947
0.00778816199376947
0.00778816199376947
0.00778816199376947
0.00778816199376947
0.00778816199376947
0.00778816199376947
0.00778816199376947
0.00778816199376947
0.00778816199376947
0.00778816199376947
0.00778816199376947
0.00778816199376947
0.00778816199376947
0.00778816199376947
0.00778816199376947
0.00778816199376947
0.00778816199376947
0.00778816199376947
0.00778816199376947
0.00778816199376947
0.00778816199376947
0.00778816199376947
0.00778816199376947
0.00778816199376947
0.00778816199376947
0.006230529595015576
0.006230529595015576
0.006230529595015576
0.006230529595015576
0.006230529595015576
0.006230529595015576
0.006230529595015576
0.006230529595015576
0.006230529595015576
0.006230529595015576
0.006230529595015576
0.006230529595015576
0.006230529595015576
0.006230529595015576
0.006230529595015576
0.006230529595015576
0.006230529595015576
0.006230529595015576
0.006230529595015576
0.006230529595015576
0.006230529595015576
0.006230529595015576
0.006230529595015576
0.006230529595015576
0.006230529595015576
0.006230529595015576
0.006230529595015576
0.006230529595015576
0.006230529595015576
0.006230529595015576
0.006230529595015576
0.006230529595015576
0.006230529595015576
0.006230529595015576
0.006230529595015576
0.006230529595015576
0.006230529595015576
0.006230529595015576
0.006230529595015576
0.004672897196261682
0.004672897196261682
0.004672897196261682
0.004672897196261682
0.004672897196261682
0.004672897196261682
0.004672897196261682
0.004672897196261682
0.004672897196261682
0.004672897196261682
0.004672897196261682
0.004672897196261682
0.004672897196261682
0.004672897196261682
0.004672897196261682
0.004672897196261682
0.004672897196261682
0.004672897196261682
0.004672897196261682
0.004672897196261682
0.004672897196261682
0.004672897196261682
0.004672897196261682
0.004672897196261682
0.004672897196261682
0.004672897196261682
0.004672897196261682
0.004672897196261682
0.004672897196261682
0.004672897196261682
0.004672897196261682
0.004672897196261682
0.004672897196261682
0.004672897196261682
0.004672897196261682
0.004672897196261682
0.004672897196261682
0.004672897196261682
0.004672897196261682
0.004672897196261682
0.004672897196261682
0.004672897196261682
0.004672897196261682
0.004672897196261682
0.004672897196261682
0.004672897196261682
0.004672897196261682
0.004672897196261682
0.004672897196261682
0.004672897196261682
0.003115264797507788
0.003115264797507788
0.003115264797507788
0.003115264797507788
0.003115264797507788
0.003115264797507788
0.003115264797507788
0.003115264797507788
0.003115264797507788
0.003115264797507788
0.003115264797507788
0.003115264797507788
0.003115264797507788
0.003115264797507788
0.003115264797507788
0.003115264797507788
0.003115264797507788
0.003115264797507788
0.003115264797507788
0.003115264797507788
0.003115264797507788
0.003115264797507788
0.003115264797507788
0.003115264797507788
0.003115264797507788
0.003115264797507788
0.003115264797507788
0.003115264797507788
0.003115264797507788
0.003115264797507788
0.003115264797507788
0.003115264797507788
0.003115264797507788
0.003115264797507788
0.003115264797507788
0.003115264797507788
0.003115264797507788
0.003115264797507788
0.003115264797507788
0.003115264797507788
0.003115264797507788
0.003115264797507788
0.003115264797507788
0.003115264797507788
0.003115264797507788
0.003115264797507788
0.003115264797507788
0.003115264797507788
0.003115264797507788
0.003115264797507788
0.003115264797507788
0.003115264797507788
0.003115264797507788
0.003115264797507788
0.003115264797507788
0.003115264797507788
0.001557632398753894
0.001557632398753894
0.001557632398753894
0.001557632398753894
0.001557632398753894
0.001557632398753894
0.001557632398753894
0.001557632398753894
0.001557632398753894
0.001557632398753894
0.001557632398753894
0.001557632398753894
0.001557632398753894
0.001557632398753894
0.001557632398753894
0.001557632398753894
0.001557632398753894
0.001557632398753894
0.001557632398753894
0.001557632398753894
0.001557632398753894
0.001557632398753894
0.001557632398753894
0.001557632398753894
0.001557632398753894
0.001557632398753894
0.001557632398753894
0.001557632398753894
0.001557632398753894
0.001557632398753894
0.001557632398753894
0.001557632398753894
0.001557632398753894
0.001557632398753894
0.001557632398753894
0.001557632398753894
0.001557632398753894
0.001557632398753894
0.001557632398753894
0.001557632398753894
0.001557632398753894
0.001557632398753894
0.001557632398753894
0.001557632398753894
0.001557632398753894
0.001557632398753894
0.001557632398753894
0.001557632398753894
0.001557632398753894
0.001557632398753894
0.001557632398753894
0.001557632398753894
0.001557632398753894
0.001557632398753894
0.001557632398753894
0.001557632398753894
0.001557632398753894
0.001557632398753894
0.001557632398753894
0.001557632398753894
0.001557632398753894
0.001557632398753894
0.001557632398753894
0.001557632398753894
0.001557632398753894
0.001557632398753894
0.001557632398753894
0.001557632398753894
0.001557632398753894
0.001557632398753894
0.001557632398753894
0.001557632398753894
0.001557632398753894
0.001557632398753894
0.001557632398753894
0.001557632398753894
0.001557632398753894
0.001557632398753894
0.001557632398753894
0.001557632398753894
0.001557632398753894
0.001557632398753894
0.001557632398753894
0.001557632398753894
0.001557632398753894
0.001557632398753894
0.001557632398753894
