0.5218181818181818
0.3563636363636364
0.3109090909090909
0.29454545454545455
0.2927272727272727
0.22727272727272727
0.20545454545454545
0.20363636363636364
0.19818181818181818
0.18363636363636363
0.18181818181818182
0.16545454545454547
0.16
0.16
0.14909090909090908
0.14727272727272728
0.14545454545454545
0.14181818181818182
0.13636363636363635
0.13454545454545455
0.13272727272727272
0.13090909090909092
0.1290909090909091
0.1290909090909091
0.12545454545454546
0.12363636363636364
0.12363636363636364
0.12363636363636364
0.12
0.11818181818181818
0.11090909090909092
0.11090909090909092
0.11090909090909092
0.10727272727272727
0.10181818181818182
0.10181818181818182
0.1
0.1
0.1
0.09818181818181818
0.09636363636363636
0.09636363636363636
0.09272727272727273
0.09272727272727273
0.09272727272727273
0.09090909090909091
0.08363636363636363
0.08363636363636363
0.08181818181818182
0.08181818181818182
0.08
0.08
0.07818181818181819
0.07818181818181819
0.07636363636363637
0.07454545454545454
0.07454545454545454
0.07454545454545454
0.07090909090909091
0.07090909090909091
0.06909090909090909
0.06909090909090909
0.06909090909090909
0.06727272727272728
0.06727272727272728
0.06727272727272728
0.06545454545454546
0.06
0.05818181818181818
0.05454545454545454
0.05454545454545454
0.05272727272727273
0.05272727272727273
0.05090909090909091
0.05090909090909091
0.05090909090909091
0.04909090909090909
0.04727272727272727
0.04727272727272727
0.04727272727272727
0.04727272727272727
0.04727272727272727
0.045454545454545456
0.045454545454545456
0.045454545454545456
0.045454545454545456
0.045454545454545456
0.045454545454545456
0.04363636363636364
0.04363636363636364
0.04363636363636364
0.04363636363636364
0.04181818181818182
0.04181818181818182
0.04181818181818182
0.04
0.04
0.04
0.04
0.038181818181818185
0.038181818181818185
0.03636363636363636
0.034545454545454546
0.034545454545454546
0.03272727272727273
0.03272727272727273
0.03272727272727273
0.03272727272727273
0.03272727272727273
0.03272727272727273
0.03272727272727273
0.03090909090909091
0.03090909090909091
0.02909090909090909
0.02909090909090909
0.02727272727272727
0.02727272727272727
0.02727272727272727
0.02727272727272727
0.02727272727272727
0.02727272727272727
0.02727272727272727
0.025454545454545455
0.025454545454545455
0.025454545454545455
0.025454545454545455
0.025454545454545455
0.023636363636363636
0.023636363636363636
0.023636363636363636
0.023636363636363636
0.023636363636363636
0.023636363636363636
0.023636363636363636
0.02181818181818182
0.02181818181818182
0.02181818181818182
0.02181818181818182
0.02
0.02
0.02
0.02
0.02
0.02
0.02
0.02
0.02
0.02
0.02
0.02
0.02
0.02
0.02
0.02
0.02
0.02
0.02
0.02
0.02
0.02
0.02
0.01818181818181818
0.01818181818181818
0.01818181818181818
0.01818181818181818
0.01818181818181818
0.01818181818181818
0.01818181818181818
0.01818181818181818
0.01818181818181818
0.01818181818181818
0.01818181818181818
0.01818181818181818
0.01818181818181818
0.01818181818181818
0.01818181818181818
0.01818181818181818
0.01818181818181818
0.01818181818181818
0.01818181818181818
0.01818181818181818
0.01818181818181818
0.01818181818181818
0.01818181818181818
0.01818181818181818
0.016363636363636365
0.016363636363636365
0.016363636363636365
0.016363636363636365
0.014545454545454545
0.014545454545454545
0.014545454545454545
0.014545454545454545
0.014545454545454545
0.014545454545454545
0.014545454545454545
0.014545454545454545
0.014545454545454545
0.014545454545454545
0.014545454545454545
0.014545454545454545
0.014545454545454545
0.014545454545454545
0.014545454545454545
0.014545454545454545
0.014545454545454545
0.014545454545454545
0.012727272727272728
0.012727272727272728
0.012727272727272728
0.012727272727272728
0.012727272727272728
0.012727272727272728
0.012727272727272728
0.012727272727272728
0.012727272727272728
0.012727272727272728
0.012727272727272728
0.012727272727272728
0.012727272727272728
0.012727272727272728
0.012727272727272728
0.012727272727272728
0.012727272727272728
0.012727272727272728
0.012727272727272728
0.012727272727272728
0.012727272727272728
0.012727272727272728
0.012727272727272728
0.012727272727272728
0.01090909090909091
0.01090909090909091
0.01090909090909091
0.01090909090909091
0.01090909090909091
0.01090909090909091
0.01090909090909091
0.01090909090909091
0.00909090909090909
0.00909090909090909
0.00909090909090909
0.00909090909090909
0.00909090909090909
0.00909090909090909
0.00909090909090909
0.00909090909090909
0.00909090909090909
0.00909090909090909
0.00909090909090909
0.00909090909090909
0.00909090909090909
0.00909090909090909
0.00909090909090909
0.00909090909090909
0.00909090909090909
0.00909090909090909
0.00909090909090909
0.00909090909090909
0.00909090909090909
0.00909090909090909
0.00909090909090909
0.00909090909090909
0.007272727272727273
0.007272727272727273
0.007272727272727273
0.007272727272727273
0.007272727272727273
0.007272727272727273
0.007272727272727273
0.007272727272727273
0.007272727272727273
0.007272727272727273
0.007272727272727273
0.007272727272727273
0.007272727272727273
0.007272727272727273
0.007272727272727273
0.007272727272727273
0.007272727272727273
0.007272727272727273
0.007272727272727273
0.007272727272727273
0.007272727272727273
0.007272727272727273
0.007272727272727273
0.007272727272727273
0.007272727272727273
0.007272727272727273
0.007272727272727273
0.007272727272727273
0.007272727272727273
0.007272727272727273
0.007272727272727273
0.007272727272727273
0.007272727272727273
0.007272727272727273
0.007272727272727273
0.007272727272727273
0.007272727272727273
0.007272727272727273
0.007272727272727273
0.007272727272727273
0.007272727272727273
0.007272727272727273
0.007272727272727273
0.007272727272727273
0.007272727272727273
0.007272727272727273
0.007272727272727273
0.007272727272727273
0.007272727272727273
0.007272727272727273
0.007272727272727273
0.005454545454545455
0.005454545454545455
0.005454545454545455
0.005454545454545455
0.005454545454545455
0.005454545454545455
0.005454545454545455
0.005454545454545455
0.005454545454545455
0.005454545454545455
0.005454545454545455
0.005454545454545455
0.005454545454545455
0.005454545454545455
0.005454545454545455
0.005454545454545455
0.005454545454545455
0.005454545454545455
0.005454545454545455
0.005454545454545455
0.005454545454545455
0.005454545454545455
0.005454545454545455
0.005454545454545455
0.005454545454545455
0.005454545454545455
0.005454545454545455
0.005454545454545455
0.005454545454545455
0.005454545454545455
0.005454545454545455
0.005454545454545455
0.005454545454545455
0.005454545454545455
0.005454545454545455
0.005454545454545455
0.005454545454545455
0.005454545454545455
0.005454545454545455
0.005454545454545455
0.005454545454545455
0.005454545454545455
0.005454545454545455
0.005454545454545455
0.005454545454545455
0.005454545454545455
0.005454545454545455
0.005454545454545455
0.005454545454545455
0.005454545454545455
0.005454545454545455
0.005454545454545455
0.0036363636363636364
0.0036363636363636364
0.0036363636363636364
0.0036363636363636364
0.0036363636363636364
0.0036363636363636364
0.0036363636363636364
0.0036363636363636364
0.0036363636363636364
0.0036363636363636364
0.0036363636363636364
0.0036363636363636364
0.0036363636363636364
0.0036363636363636364
0.0036363636363636364
0.0036363636363636364
0.0036363636363636364
0.0036363636363636364
0.0036363636363636364
0.0036363636363636364
0.0036363636363636364
0.0036363636363636364
0.0036363636363636364
0.0036363636363636364
0.0036363636363636364
0.0036363636363636364
0.0036363636363636364
0.0036363636363636364
0.0036363636363636364
0.0036363636363636364
0.0036363636363636364
0.0036363636363636364
0.0036363636363636364
0.0036363636363636364
0.0036363636363636364
0.0036363636363636364
0.0036363636363636364
0.0036363636363636364
0.0036363636363636364
0.0036363636363636364
0.0036363636363636364
0.0036363636363636364
0.0036363636363636364
0.0036363636363636364
0.0036363636363636364
0.0036363636363636364
0.0036363636363636364
0.0036363636363636364
0.0036363636363636364
0.0036363636363636364
0.0036363636363636364
0.0036363636363636364
0.0036363636363636364
0.0036363636363636364
0.0036363636363636364
0.0036363636363636364
0.0036363636363636364
0.0036363636363636364
0.0036363636363636364
0.0036363636363636364
0.0036363636363636364
0.0036363636363636364
0.0036363636363636364
0.0018181818181818182
0.0018181818181818182
0.0018181818181818182
0.0018181818181818182
0.0018181818181818182
0.0018181818181818182
0.0018181818181818182
0.0018181818181818182
0.0018181818181818182
0.0018181818181818182
0.0018181818181818182
0.0018181818181818182
0.0018181818181818182
0.0018181818181818182
0.0018181818181818182
0.0018181818181818182
0.0018181818181818182
0.0018181818181818182
0.0018181818181818182
0.0018181818181818182
0.0018181818181818182
0.0018181818181818182
0.0018181818181818182
0.0018181818181818182
0.0018181818181818182
0.0018181818181818182
0.0018181818181818182
0.0018181818181818182
0.0018181818181818182
0.0018181818181818182
0.0018181818181818182
0.0018181818181818182
0.0018181818181818182
0.0018181818181818182
0.0018181818181818182
0.0018181818181818182
0.0018181818181818182
0.0018181818181818182
0.0018181818181818182
0.0018181818181818182
0.0018181818181818182
0.0018181818181818182
0.0018181818181818182
0.0018181818181818182
0.0018181818181818182
0.0018181818181818182
0.0018181818181818182
0.0018181818181818182
0.0018181818181818182
0.0018181818181818182
0.0018181818181818182
0.0018181818181818182
0.0018181818181818182
0.0018181818181818182
0.0018181818181818182
0.0018181818181818182
0.0018181818181818182
0.0018181818181818182
0.0018181818181818182
0.0018181818181818182
0.0018181818181818182
0.0018181818181818182
0.0018181818181818182
