0.07476635514018691
0.07476635514018691
0.07476635514018691
0.07476635514018691
0.07476635514018691
0.07476635514018691
0.07476635514018691
0.07165109034267912
0.07165109034267912
0.07165109034267912
0.07009345794392523
0.06853582554517133
0.06853582554517133
0.06697819314641744
0.06697819314641744
0.06697819314641744
0.06542056074766354
0.06386292834890965
0.06386292834890965
0.06230529595015576
0.06074766355140187
0.059190031152647975
0.05763239875389408
0.056074766355140186
0.05451713395638629
0.0529595015576324
0.0529595015576324
0.0514018691588785
0.0514018691588785
0.0514018691588785
0.04984423676012461
0.04984423676012461
0.04984423676012461
0.048286604361370715
0.048286604361370715
0.048286604361370715
0.048286604361370715
0.04672897196261682
0.04672897196261682
0.04361370716510903
0.04361370716510903
0.04361370716510903
0.04205607476635514
0.04205607476635514
0.04205607476635514
0.04205607476635514
0.03894080996884735
0.037383177570093455
0.0264797507788162
