0.1059190031152648
0.1059190031152648
0.1059190031152648
0.1043613707165109
0.1043613707165109
0.102803738317757
0.10124610591900311
0.09968847352024922
0.09813084112149532
0.09657320872274143
0.09190031152647975
0.09034267912772585
0.08722741433021806
0.08566978193146417
0.08566978193146417
0.08255451713395638
0.08099688473520249
0.0794392523364486
0.0794392523364486
0.0778816199376947
0.07165109034267912
0.07009345794392523
0.06853582554517133
0.06853582554517133
0.06697819314641744
0.06542056074766354
0.06542056074766354
0.06542056074766354
0.06386292834890965
0.06386292834890965
0.06230529595015576
0.06074766355140187
0.056074766355140186
0.056074766355140186
0.056074766355140186
0.056074766355140186
0.056074766355140186
0.05451713395638629
0.05451713395638629
0.05451713395638629
0.0529595015576324
0.0529595015576324
0.0529595015576324
0.0514018691588785
0.04984423676012461
0.04984423676012461
0.048286604361370715
0.048286604361370715
0.048286604361370715
0.048286604361370715
0.048286604361370715
0.048286604361370715
0.04672897196261682
0.04672897196261682
0.04672897196261682
0.045171339563862926
0.045171339563862926
0.045171339563862926
0.04205607476635514
0.040498442367601244
0.040498442367601244
0.03582554517133956
0.03582554517133956
0.03582554517133956
0.03271028037383177
0.03271028037383177
0.03115264797507788
0.0264797507788162
0.017133956386292833
