0.29283489096573206
0.2632398753894081
0.2616822429906542
0.235202492211838
0.23208722741433022
0.21806853582554517
0.17757009345794392
0.16355140186915887
0.1557632398753894
0.1526479750778816
0.14641744548286603
0.14641744548286603
0.14018691588785046
0.14018691588785046
0.13707165109034267
0.1308411214953271
0.1292834890965732
0.11993769470404984
0.10747663551401869
0.10747663551401869
0.1043613707165109
0.09034267912772585
0.08255451713395638
0.08255451713395638
0.08099688473520249
0.08099688473520249
0.0794392523364486
0.0794392523364486
0.0778816199376947
0.0778816199376947
0.0763239875389408
0.07476635514018691
0.07165109034267912
0.07165109034267912
0.06853582554517133
0.06853582554517133
0.06853582554517133
0.06542056074766354
0.06542056074766354
0.06542056074766354
0.06386292834890965
0.06386292834890965
0.06386292834890965
0.06230529595015576
0.059190031152647975
0.059190031152647975
0.059190031152647975
0.059190031152647975
0.05763239875389408
0.05763239875389408
0.05763239875389408
0.056074766355140186
0.056074766355140186
0.05451713395638629
0.0529595015576324
0.0529595015576324
0.0514018691588785
0.04984423676012461
0.04984423676012461
0.04984423676012461
0.048286604361370715
0.048286604361370715
0.048286604361370715
0.048286604361370715
0.048286604361370715
0.048286604361370715
0.04672897196261682
0.04672897196261682
0.045171339563862926
0.045171339563862926
0.04361370716510903
0.040498442367601244
0.040498442367601244
0.040498442367601244
0.040498442367601244
0.040498442367601244
0.040498442367601244
0.040498442367601244
0.03894080996884735
0.03894080996884735
0.037383177570093455
0.037383177570093455
0.03582554517133956
0.03582554517133956
0.03582554517133956
0.03582554517133956
0.03426791277258567
0.03426791277258567
0.03426791277258567
0.03426791277258567
0.03426791277258567
0.03271028037383177
0.03115264797507788
0.03115264797507788
0.03115264797507788
0.03115264797507788
0.03115264797507788
0.03115264797507788
0.029595015576323987
0.029595015576323987
0.029595015576323987
0.029595015576323987
0.029595015576323987
0.029595015576323987
0.028037383177570093
0.028037383177570093
0.0264797507788162
0.0264797507788162
0.0264797507788162
0.0264797507788162
0.0264797507788162
0.0264797507788162
0.0264797507788162
0.024922118380062305
0.024922118380062305
0.024922118380062305
0.024922118380062305
0.024922118380062305
0.024922118380062305
0.024922118380062305
0.02336448598130841
0.02336448598130841
0.02336448598130841
0.02336448598130841
0.02336448598130841
0.02336448598130841
0.02336448598130841
0.02336448598130841
0.02336448598130841
0.02336448598130841
0.02336448598130841
0.02336448598130841
0.02336448598130841
0.02336448598130841
0.021806853582554516
0.021806853582554516
0.021806853582554516
0.021806853582554516
0.021806853582554516
0.021806853582554516
0.021806853582554516
0.021806853582554516
0.021806853582554516
0.021806853582554516
0.021806853582554516
0.021806853582554516
0.021806853582554516
0.021806853582554516
0.021806853582554516
0.021806853582554516
0.020249221183800622
0.020249221183800622
0.020249221183800622
0.020249221183800622
0.020249221183800622
0.020249221183800622
0.020249221183800622
0.020249221183800622
0.020249221183800622
0.020249221183800622
0.020249221183800622
0.020249221183800622
0.020249221183800622
0.020249221183800622
0.020249221183800622
0.020249221183800622
0.020249221183800622
0.018691588785046728
0.018691588785046728
0.018691588785046728
0.018691588785046728
0.018691588785046728
0.018691588785046728
0.018691588785046728
0.018691588785046728
0.018691588785046728
0.018691588785046728
0.018691588785046728
0.018691588785046728
0.018691588785046728
0.018691588785046728
0.018691588785046728
0.018691588785046728
0.018691588785046728
0.017133956386292833
0.017133956386292833
0.017133956386292833
0.017133956386292833
0.017133956386292833
0.017133956386292833
0.017133956386292833
0.017133956386292833
0.017133956386292833
0.01557632398753894
0.01557632398753894
0.014018691588785047
0.014018691588785047
0.012461059190031152
0.009345794392523364
0.009345794392523364
0.009345794392523364
0.00778816199376947
0.004672897196261682
