0.45950155763239875
0.40031152647975077
0.30218068535825543
0.2866043613707165
0.2570093457943925
0.2523364485981308
0.19158878504672897
0.1791277258566978
0.17601246105919002
0.17289719626168223
0.16822429906542055
0.16043613707165108
0.1588785046728972
0.1573208722741433
0.1557632398753894
0.14641744548286603
0.13862928348909656
0.1292834890965732
0.11059190031152648
0.10903426791277258
0.10747663551401869
0.09190031152647975
0.09034267912772585
0.09034267912772585
0.08566978193146417
0.08411214953271028
0.08255451713395638
0.08255451713395638
0.08099688473520249
0.0794392523364486
0.0794392523364486
0.0778816199376947
0.0778816199376947
0.0763239875389408
0.07320872274143302
0.07165109034267912
0.06853582554517133
0.06853582554517133
0.06697819314641744
0.06697819314641744
0.06697819314641744
0.06542056074766354
0.06542056074766354
0.06386292834890965
0.06386292834890965
0.06230529595015576
0.06230529595015576
0.06074766355140187
0.059190031152647975
0.059190031152647975
0.059190031152647975
0.059190031152647975
0.059190031152647975
0.059190031152647975
0.059190031152647975
0.05451713395638629
0.0529595015576324
0.0529595015576324
0.0514018691588785
0.04984423676012461
0.04984423676012461
0.04984423676012461
0.048286604361370715
0.048286604361370715
0.048286604361370715
0.048286604361370715
0.048286604361370715
0.04672897196261682
0.045171339563862926
0.045171339563862926
0.045171339563862926
0.045171339563862926
0.045171339563862926
0.045171339563862926
0.04361370716510903
0.04361370716510903
0.04361370716510903
0.04205607476635514
0.040498442367601244
0.040498442367601244
0.040498442367601244
0.040498442367601244
0.037383177570093455
0.037383177570093455
0.037383177570093455
0.037383177570093455
0.037383177570093455
0.03582554517133956
0.03582554517133956
0.03582554517133956
0.03426791277258567
0.03426791277258567
0.03426791277258567
0.03426791277258567
0.03271028037383177
0.03271028037383177
0.03115264797507788
0.03115264797507788
0.03115264797507788
0.03115264797507788
0.03115264797507788
0.03115264797507788
0.03115264797507788
0.029595015576323987
0.029595015576323987
0.029595015576323987
0.029595015576323987
0.029595015576323987
0.028037383177570093
0.028037383177570093
0.0264797507788162
0.0264797507788162
0.0264797507788162
0.0264797507788162
0.0264797507788162
0.0264797507788162
0.024922118380062305
0.024922118380062305
0.024922118380062305
0.024922118380062305
0.024922118380062305
0.024922118380062305
0.024922118380062305
0.024922118380062305
0.02336448598130841
0.02336448598130841
0.02336448598130841
0.02336448598130841
0.02336448598130841
0.02336448598130841
0.02336448598130841
0.02336448598130841
0.02336448598130841
0.02336448598130841
0.02336448598130841
0.02336448598130841
0.02336448598130841
0.021806853582554516
0.021806853582554516
0.021806853582554516
0.021806853582554516
0.021806853582554516
0.021806853582554516
0.021806853582554516
0.021806853582554516
0.021806853582554516
0.021806853582554516
0.021806853582554516
0.021806853582554516
0.021806853582554516
0.021806853582554516
0.021806853582554516
0.021806853582554516
0.020249221183800622
0.020249221183800622
0.020249221183800622
0.020249221183800622
0.020249221183800622
0.020249221183800622
0.020249221183800622
0.020249221183800622
0.020249221183800622
0.020249221183800622
0.020249221183800622
0.020249221183800622
0.020249221183800622
0.020249221183800622
0.020249221183800622
0.020249221183800622
0.020249221183800622
0.020249221183800622
0.018691588785046728
0.018691588785046728
0.018691588785046728
0.018691588785046728
0.018691588785046728
0.018691588785046728
0.018691588785046728
0.018691588785046728
0.018691588785046728
0.018691588785046728
0.018691588785046728
0.018691588785046728
0.018691588785046728
0.018691588785046728
0.018691588785046728
0.018691588785046728
0.017133956386292833
0.017133956386292833
0.017133956386292833
0.017133956386292833
0.017133956386292833
0.017133956386292833
0.017133956386292833
0.017133956386292833
0.017133956386292833
0.017133956386292833
0.017133956386292833
0.01557632398753894
0.01557632398753894
0.01557632398753894
0.01557632398753894
0.01557632398753894
0.01557632398753894
0.01557632398753894
0.01557632398753894
0.01557632398753894
0.01557632398753894
0.01557632398753894
0.01557632398753894
0.01557632398753894
0.01557632398753894
0.01557632398753894
0.01557632398753894
0.01557632398753894
0.01557632398753894
0.01557632398753894
0.01557632398753894
0.01557632398753894
0.01557632398753894
0.01557632398753894
0.01557632398753894
0.01557632398753894
0.01557632398753894
0.01557632398753894
0.01557632398753894
0.01557632398753894
0.01557632398753894
0.01557632398753894
0.01557632398753894
0.01557632398753894
0.01557632398753894
0.014018691588785047
0.014018691588785047
0.014018691588785047
0.014018691588785047
0.014018691588785047
0.014018691588785047
0.014018691588785047
0.014018691588785047
0.014018691588785047
0.014018691588785047
0.014018691588785047
0.014018691588785047
0.012461059190031152
0.012461059190031152
0.012461059190031152
0.012461059190031152
0.012461059190031152
0.012461059190031152
0.012461059190031152
0.012461059190031152
0.012461059190031152
0.012461059190031152
0.012461059190031152
0.012461059190031152
0.012461059190031152
0.012461059190031152
0.012461059190031152
0.012461059190031152
0.012461059190031152
0.012461059190031152
0.012461059190031152
0.012461059190031152
0.012461059190031152
0.012461059190031152
0.012461059190031152
0.012461059190031152
0.012461059190031152
0.012461059190031152
0.012461059190031152
0.012461059190031152
0.010903426791277258
0.010903426791277258
0.010903426791277258
0.010903426791277258
0.010903426791277258
0.010903426791277258
0.010903426791277258
0.010903426791277258
0.010903426791277258
0.010903426791277258
0.010903426791277258
0.010903426791277258
0.010903426791277258
0.010903426791277258
0.010903426791277258
0.010903426791277258
0.010903426791277258
0.010903426791277258
0.010903426791277258
0.010903426791277258
0.010903426791277258
0.010903426791277258
0.010903426791277258
0.010903426791277258
0.010903426791277258
0.010903426791277258
0.010903426791277258
0.009345794392523364
0.009345794392523364
0.009345794392523364
0.009345794392523364
0.009345794392523364
0.009345794392523364
0.009345794392523364
0.009345794392523364
0.009345794392523364
0.009345794392523364
0.009345794392523364
0.009345794392523364
0.009345794392523364
0.009345794392523364
0.009345794392523364
0.009345794392523364
0.009345794392523364
0.009345794392523364
0.009345794392523364
0.009345794392523364
0.009345794392523364
0.009345794392523364
0.009345794392523364
0.009345794392523364
0.009345794392523364
0.009345794392523364
0.009345794392523364
0.009345794392523364
0.00778816199376947
0.006230529595015576
0.006230529595015576
0.003115264797507788
0.001557632398753894
