0.048286604361370715
0.048286604361370715
0.048286604361370715
0.048286604361370715
0.048286604361370715
0.048286604361370715
0.048286604361370715
0.048286604361370715
0.048286604361370715
0.048286604361370715
0.048286604361370715
0.048286604361370715
0.048286604361370715
0.04672897196261682
0.04672897196261682
0.04672897196261682
0.045171339563862926
0.04361370716510903
0.04361370716510903
0.04361370716510903
0.04361370716510903
0.04361370716510903
0.04205607476635514
0.040498442367601244
0.03894080996884735
0.03894080996884735
0.037383177570093455
0.037383177570093455
0.037383177570093455
0.037383177570093455
0.03582554517133956
0.03426791277258567
