0.08411214953271028
0.08411214953271028
0.08411214953271028
0.08411214953271028
0.08411214953271028
0.08411214953271028
0.08099688473520249
0.08099688473520249
0.08099688473520249
0.0794392523364486
0.0763239875389408
0.0763239875389408
0.07476635514018691
0.07320872274143302
0.07165109034267912
0.07165109034267912
0.07009345794392523
0.06853582554517133
0.06697819314641744
0.06697819314641744
0.06542056074766354
0.06386292834890965
0.06230529595015576
0.059190031152647975
0.05763239875389408
0.05763239875389408
0.05763239875389408
0.05763239875389408
0.05763239875389408
0.05451713395638629
0.05451713395638629
0.05451713395638629
0.0529595015576324
0.0514018691588785
0.0514018691588785
0.04984423676012461
0.04984423676012461
0.048286604361370715
0.04672897196261682
0.04672897196261682
0.04672897196261682
0.04672897196261682
0.045171339563862926
0.045171339563862926
0.04361370716510903
0.04361370716510903
0.04361370716510903
0.04361370716510903
0.04205607476635514
0.04205607476635514
0.040498442367601244
0.03894080996884735
0.03426791277258567
0.03426791277258567
0.028037383177570093
