0.19626168224299065
0.18847352024922118
0.18691588785046728
0.1838006230529595
0.17133956386292834
0.17133956386292834
0.1542056074766355
0.14018691588785046
0.13395638629283488
0.13239875389408098
0.1261682242990654
0.12305295950155763
0.12305295950155763
0.12149532710280374
0.11838006230529595
0.11838006230529595
0.11682242990654206
0.1059190031152648
0.1043613707165109
0.09813084112149532
0.09501557632398754
0.08255451713395638
0.0794392523364486
0.0794392523364486
0.0794392523364486
0.0778816199376947
0.0778816199376947
0.0763239875389408
0.07476635514018691
0.07320872274143302
0.07165109034267912
0.07165109034267912
0.06853582554517133
0.06853582554517133
0.06697819314641744
0.06542056074766354
0.06542056074766354
0.06542056074766354
0.06542056074766354
0.06386292834890965
0.06230529595015576
0.06230529595015576
0.06074766355140187
0.059190031152647975
0.059190031152647975
0.059190031152647975
0.056074766355140186
0.056074766355140186
0.05451713395638629
0.0529595015576324
0.0529595015576324
0.0529595015576324
0.0514018691588785
0.04984423676012461
0.048286604361370715
0.048286604361370715
0.048286604361370715
0.048286604361370715
0.048286604361370715
0.048286604361370715
0.048286604361370715
0.04672897196261682
0.04672897196261682
0.045171339563862926
0.04361370716510903
0.04361370716510903
0.04205607476635514
0.04205607476635514
0.04205607476635514
0.040498442367601244
0.040498442367601244
0.040498442367601244
0.03894080996884735
0.037383177570093455
0.037383177570093455
0.037383177570093455
0.037383177570093455
0.037383177570093455
0.037383177570093455
0.03582554517133956
0.03582554517133956
0.03582554517133956
0.03426791277258567
0.03426791277258567
0.03426791277258567
0.03426791277258567
0.03426791277258567
0.03271028037383177
0.03271028037383177
0.03271028037383177
0.03115264797507788
0.03115264797507788
0.03115264797507788
0.029595015576323987
0.029595015576323987
0.029595015576323987
0.029595015576323987
0.028037383177570093
0.028037383177570093
0.028037383177570093
0.028037383177570093
0.028037383177570093
0.0264797507788162
0.0264797507788162
0.0264797507788162
0.024922118380062305
0.024922118380062305
0.024922118380062305
0.024922118380062305
0.024922118380062305
0.02336448598130841
0.02336448598130841
0.02336448598130841
0.02336448598130841
0.02336448598130841
0.021806853582554516
0.021806853582554516
0.021806853582554516
0.020249221183800622
0.018691588785046728
0.018691588785046728
0.01557632398753894
0.014018691588785047
0.014018691588785047
0.009345794392523364
0.00778816199376947
0.004672897196261682
