0.14953271028037382
0.14797507788161993
0.14797507788161993
0.14485981308411214
0.14174454828660435
0.14174454828660435
0.1308411214953271
0.12305295950155763
0.11993769470404984
0.11214953271028037
0.11059190031152648
0.10903426791277258
0.10747663551401869
0.10747663551401869
0.1043613707165109
0.102803738317757
0.10124610591900311
0.09501557632398754
0.09345794392523364
0.08878504672897196
0.08255451713395638
0.0778816199376947
0.0778816199376947
0.0763239875389408
0.0763239875389408
0.07476635514018691
0.07320872274143302
0.07320872274143302
0.06853582554517133
0.06697819314641744
0.06697819314641744
0.06697819314641744
0.06542056074766354
0.06386292834890965
0.06230529595015576
0.06230529595015576
0.06074766355140187
0.06074766355140187
0.06074766355140187
0.06074766355140187
0.059190031152647975
0.059190031152647975
0.059190031152647975
0.05763239875389408
0.056074766355140186
0.05451713395638629
0.0529595015576324
0.0529595015576324
0.0514018691588785
0.0514018691588785
0.0514018691588785
0.04984423676012461
0.048286604361370715
0.048286604361370715
0.048286604361370715
0.048286604361370715
0.048286604361370715
0.048286604361370715
0.048286604361370715
0.04672897196261682
0.045171339563862926
0.045171339563862926
0.04361370716510903
0.04205607476635514
0.04205607476635514
0.040498442367601244
0.040498442367601244
0.03894080996884735
0.037383177570093455
0.037383177570093455
0.037383177570093455
0.037383177570093455
0.037383177570093455
0.037383177570093455
0.037383177570093455
0.03582554517133956
0.03582554517133956
0.03582554517133956
0.03582554517133956
0.03426791277258567
0.03271028037383177
0.03271028037383177
0.03271028037383177
0.03271028037383177
0.03271028037383177
0.03115264797507788
0.03115264797507788
0.03115264797507788
0.028037383177570093
0.028037383177570093
0.02336448598130841
0.02336448598130841
0.021806853582554516
0.021806853582554516
0.020249221183800622
0.018691588785046728
0.006230529595015576
