0.16957605985037408
0.16209476309226933
0.15087281795511223
0.14962593516209477
0.1483790523690773
0.14713216957605985
0.14214463840399003
0.11970074812967581
0.11471321695760599
0.11221945137157108
0.1084788029925187
0.1084788029925187
0.10723192019950124
0.1059850374064838
0.10473815461346633
0.10473815461346633
0.10224438902743142
0.10099750623441396
0.09850374064837905
0.09476309226932668
0.09351620947630923
0.09351620947630923
0.09102244389027432
0.09102244389027432
0.09102244389027432
0.08977556109725686
0.08977556109725686
0.0885286783042394
0.08728179551122195
0.08478802992518704
0.08354114713216958
0.08229426433915212
0.07855361596009976
0.07605985037406483
0.07605985037406483
0.07481296758104738
0.07481296758104738
0.07356608478802992
0.07356608478802992
0.07356608478802992
0.07231920199501247
0.07231920199501247
0.07231920199501247
0.07231920199501247
0.07231920199501247
0.07231920199501247
0.07231920199501247
0.07231920199501247
0.07231920199501247
0.07231920199501247
0.07231920199501247
0.07231920199501247
0.07231920199501247
0.07231920199501247
0.07231920199501247
0.07231920199501247
0.07231920199501247
0.07231920199501247
0.07231920199501247
0.07231920199501247
0.07231920199501247
0.07231920199501247
0.07231920199501247
0.07231920199501247
0.07231920199501247
0.07231920199501247
0.07231920199501247
0.07231920199501247
0.07231920199501247
0.07231920199501247
0.07231920199501247
0.07231920199501247
0.07231920199501247
0.07231920199501247
0.07231920199501247
0.07231920199501247
0.07231920199501247
0.07231920199501247
0.07231920199501247
0.07231920199501247
0.07231920199501247
0.07231920199501247
0.07231920199501247
0.07231920199501247
0.07107231920199501
0.07107231920199501
0.07107231920199501
0.0685785536159601
0.06733167082294264
0.06234413965087282
0.06234413965087282
0.059850374064837904
0.059850374064837904
0.05860349127182045
0.05860349127182045
0.057356608478802994
0.057356608478802994
0.05610972568578554
0.05486284289276808
0.05486284289276808
0.05236907730673317
0.05236907730673317
0.05236907730673317
0.05112219451371571
0.04987531172069826
0.04987531172069826
0.048628428927680795
0.04738154613466334
0.04738154613466334
0.046134663341645885
0.046134663341645885
0.046134663341645885
0.04488778054862843
0.04488778054862843
0.04488778054862843
0.04488778054862843
0.043640897755610975
0.04239401496259352
0.04239401496259352
0.04239401496259352
0.04239401496259352
0.04239401496259352
0.04239401496259352
0.04114713216957606
0.04114713216957606
0.04114713216957606
0.0399002493765586
0.03865336658354115
0.03865336658354115
0.03740648379052369
0.034912718204488775
0.03366583541147132
0.02743142144638404
0.02493765586034913
0.02369077306733167
0.02119700748129676
0.02119700748129676
