269.0
249.0
246.0
239.0
218.0
159.0
159.0
158.0
155.0
154.0
151.0
148.0
145.0
144.0
141.0
137.0
137.0
129.0
123.0
123.0
118.0
117.0
116.0
116.0
114.0
111.0
104.0
97.0
96.0
94.0
86.0
85.0
85.0
85.0
84.0
83.0
81.0
74.0
72.0
72.0
71.0
67.0
66.0
66.0
66.0
64.0
63.0
62.0
62.0
62.0
62.0
61.0
61.0
61.0
60.0
59.0
58.0
58.0
57.0
56.0
55.0
55.0
54.0
54.0
54.0
54.0
54.0
53.0
53.0
53.0
53.0
52.0
52.0
52.0
52.0
52.0
52.0
49.0
49.0
49.0
48.0
48.0
47.0
47.0
47.0
47.0
46.0
46.0
46.0
45.0
44.0
41.0
41.0
41.0
41.0
41.0
41.0
41.0
40.0
40.0
40.0
40.0
40.0
39.0
39.0
39.0
39.0
39.0
39.0
39.0
39.0
39.0
39.0
39.0
39.0
39.0
39.0
39.0
39.0
39.0
38.0
38.0
38.0
37.0
37.0
36.0
36.0
36.0
36.0
35.0
34.0
34.0
34.0
34.0
34.0
34.0
34.0
33.0
33.0
33.0
33.0
33.0
33.0
32.0
32.0
32.0
32.0
31.0
31.0
30.0
30.0
30.0
30.0
30.0
29.0
29.0
29.0
28.0
28.0
28.0
28.0
28.0
28.0
28.0
28.0
27.0
27.0
27.0
27.0
27.0
27.0
27.0
27.0
26.0
26.0
26.0
26.0
26.0
26.0
26.0
26.0
26.0
26.0
26.0
26.0
26.0
26.0
26.0
26.0
26.0
26.0
26.0
26.0
26.0
26.0
26.0
26.0
26.0
24.0
24.0
23.0
23.0
23.0
23.0
23.0
23.0
23.0
22.0
22.0
22.0
22.0
22.0
22.0
22.0
22.0
22.0
22.0
21.0
21.0
21.0
21.0
21.0
21.0
21.0
21.0
21.0
21.0
21.0
21.0
21.0
21.0
21.0
21.0
21.0
21.0
21.0
21.0
21.0
21.0
21.0
21.0
21.0
21.0
21.0
21.0
21.0
21.0
21.0
20.0
20.0
20.0
20.0
20.0
20.0
19.0
19.0
19.0
19.0
19.0
19.0
19.0
19.0
19.0
19.0
19.0
19.0
19.0
19.0
19.0
19.0
19.0
19.0
19.0
19.0
19.0
19.0
19.0
19.0
19.0
19.0
19.0
19.0
19.0
19.0
19.0
19.0
19.0
19.0
19.0
19.0
19.0
19.0
18.0
18.0
18.0
18.0
18.0
18.0
18.0
18.0
18.0
18.0
18.0
18.0
18.0
18.0
18.0
18.0
18.0
18.0
18.0
18.0
18.0
18.0
18.0
18.0
18.0
18.0
18.0
18.0
18.0
18.0
18.0
18.0
18.0
18.0
18.0
18.0
18.0
18.0
18.0
18.0
18.0
18.0
18.0
18.0
17.0
17.0
17.0
17.0
17.0
17.0
17.0
17.0
17.0
17.0
17.0
17.0
17.0
16.0
16.0
16.0
16.0
16.0
16.0
16.0
16.0
16.0
15.0
15.0
15.0
15.0
15.0
15.0
14.0
13.0
13.0
13.0
12.0
12.0
12.0
12.0
12.0
11.0
11.0
10.0
10.0
9.0
9.0
8.0
