0.176056338028169
0.17136150234741784
0.16901408450704225
0.16314553990610328
0.1607981220657277
0.1596244131455399
0.15023474178403756
0.14906103286384975
0.14788732394366197
0.14553990610328638
0.1431924882629108
0.1396713615023474
0.13145539906103287
0.12910798122065728
0.1267605633802817
0.12441314553990611
0.12441314553990611
0.11737089201877934
0.11619718309859155
0.11502347417840375
0.11384976525821597
0.11384976525821597
0.11267605633802817
0.11150234741784038
0.11150234741784038
0.11032863849765258
0.10915492957746478
0.09976525821596244
0.09976525821596244
0.09976525821596244
0.09976525821596244
0.09859154929577464
0.09859154929577464
0.09859154929577464
0.09859154929577464
0.09741784037558686
0.09741784037558686
0.09507042253521127
0.09389671361502347
0.09389671361502347
0.0892018779342723
0.0880281690140845
0.08333333333333333
0.08333333333333333
0.08215962441314555
0.08098591549295775
0.07863849765258216
0.07629107981220658
0.07629107981220658
0.07394366197183098
0.07276995305164319
0.07276995305164319
0.0715962441314554
0.06924882629107981
0.06807511737089202
0.06690140845070422
0.06690140845070422
0.06690140845070422
0.06690140845070422
0.06572769953051644
0.06572769953051644
0.06455399061032864
0.06455399061032864
0.06338028169014084
0.06338028169014084
0.05985915492957746
0.05985915492957746
0.05985915492957746
0.05985915492957746
0.057511737089201875
0.057511737089201875
0.057511737089201875
0.057511737089201875
0.05516431924882629
0.0539906103286385
0.0539906103286385
0.0528169014084507
0.0528169014084507
0.051643192488262914
0.051643192488262914
0.051643192488262914
0.05046948356807512
0.05046948356807512
0.05046948356807512
0.04929577464788732
0.04812206572769953
0.046948356807511735
0.046948356807511735
0.046948356807511735
0.046948356807511735
0.046948356807511735
0.045774647887323945
0.045774647887323945
0.045774647887323945
0.045774647887323945
0.045774647887323945
0.045774647887323945
0.04460093896713615
0.04342723004694836
0.04342723004694836
0.04225352112676056
0.04225352112676056
0.04225352112676056
0.04107981220657277
0.03990610328638498
0.03990610328638498
0.03990610328638498
0.03990610328638498
0.03873239436619718
0.03873239436619718
0.03873239436619718
0.03755868544600939
0.03755868544600939
0.03755868544600939
0.03755868544600939
0.03755868544600939
0.036384976525821594
0.036384976525821594
0.036384976525821594
0.036384976525821594
0.036384976525821594
0.036384976525821594
0.036384976525821594
0.035211267605633804
0.035211267605633804
0.035211267605633804
0.03403755868544601
0.03403755868544601
0.03286384976525822
0.03169014084507042
0.03169014084507042
0.03169014084507042
0.03169014084507042
0.03169014084507042
0.03169014084507042
0.03169014084507042
0.03169014084507042
0.03051643192488263
0.03051643192488263
0.029342723004694836
0.029342723004694836
0.028169014084507043
0.028169014084507043
0.02699530516431925
0.02699530516431925
0.02699530516431925
0.02699530516431925
0.025821596244131457
0.025821596244131457
0.01995305164319249
0.012910798122065728
0.012910798122065728
0.012910798122065728
0.012910798122065728
0.012910798122065728
0.011737089201877934
0.011737089201877934
0.011737089201877934
0.011737089201877934
0.01056338028169014
