0.1546134663341646
0.1483790523690773
0.14588528678304238
0.14089775561097256
0.14089775561097256
0.14089775561097256
0.12967581047381546
0.11845386533665836
0.11346633416458853
0.10473815461346633
0.09975062344139651
0.09725685785536159
0.09476309226932668
0.09476309226932668
0.09351620947630923
0.09226932668329177
0.09102244389027432
0.09102244389027432
0.08977556109725686
0.08977556109725686
0.08977556109725686
0.08728179551122195
0.08728179551122195
0.08478802992518704
0.08104738154613467
0.08104738154613467
0.0798004987531172
0.0798004987531172
0.0798004987531172
0.0798004987531172
0.07855361596009976
0.07605985037406483
0.07481296758104738
0.07481296758104738
0.07231920199501247
0.07231920199501247
0.07231920199501247
0.07231920199501247
0.07231920199501247
0.07231920199501247
0.07231920199501247
0.07231920199501247
0.07231920199501247
0.07231920199501247
0.07231920199501247
0.07231920199501247
0.07231920199501247
0.07231920199501247
0.07231920199501247
0.07231920199501247
0.07231920199501247
0.07231920199501247
0.07231920199501247
0.07231920199501247
0.07231920199501247
0.07231920199501247
0.07231920199501247
0.07231920199501247
0.07231920199501247
0.07231920199501247
0.07231920199501247
0.07231920199501247
0.07231920199501247
0.07231920199501247
0.07231920199501247
0.07231920199501247
0.07231920199501247
0.07231920199501247
0.07231920199501247
0.07231920199501247
0.07231920199501247
0.07231920199501247
0.07231920199501247
0.07231920199501247
0.07231920199501247
0.07231920199501247
0.07231920199501247
0.07107231920199501
0.06982543640897755
0.0685785536159601
0.06733167082294264
0.06608478802992519
0.06483790523690773
0.06483790523690773
0.06483790523690773
0.06359102244389027
0.06359102244389027
0.06234413965087282
0.059850374064837904
0.05860349127182045
0.057356608478802994
0.057356608478802994
0.057356608478802994
0.05610972568578554
0.05610972568578554
0.05610972568578554
0.05610972568578554
0.05486284289276808
0.05236907730673317
0.05112219451371571
0.05112219451371571
0.05112219451371571
0.04987531172069826
0.04738154613466334
0.04738154613466334
0.046134663341645885
0.046134663341645885
0.046134663341645885
0.04488778054862843
0.04488778054862843
0.04488778054862843
0.04239401496259352
0.04239401496259352
0.04114713216957606
0.04114713216957606
0.04114713216957606
0.0399002493765586
0.0399002493765586
0.0399002493765586
0.03740648379052369
0.03615960099750624
0.03117206982543641
0.02369077306733167
0.022443890274314215
0.0199501246882793
