0.2206896551724138
0.167816091954023
0.16436781609195403
0.16436781609195403
0.15747126436781608
0.14942528735632185
0.14597701149425288
0.14597701149425288
0.1425287356321839
0.13793103448275862
0.13793103448275862
0.1367816091954023
0.13218390804597702
0.13218390804597702
0.12643678160919541
0.12413793103448276
0.12298850574712644
0.11724137931034483
0.11609195402298851
0.11609195402298851
0.11494252873563218
0.11264367816091954
0.11264367816091954
0.1103448275862069
0.10689655172413794
0.10459770114942529
0.10344827586206896
0.10229885057471265
0.09195402298850575
0.09080459770114943
0.09080459770114943
0.08735632183908046
0.08620689655172414
0.08620689655172414
0.08505747126436781
0.08275862068965517
0.08275862068965517
0.08275862068965517
0.07816091954022988
0.07586206896551724
0.07011494252873564
0.07011494252873564
0.06896551724137931
0.06666666666666667
0.06666666666666667
0.06551724137931035
0.06551724137931035
0.06551724137931035
0.06551724137931035
0.06551724137931035
0.06436781609195402
0.06321839080459771
0.06206896551724138
0.06091954022988506
0.06091954022988506
0.06091954022988506
0.06091954022988506
0.06091954022988506
0.06091954022988506
0.06091954022988506
0.059770114942528735
0.059770114942528735
0.059770114942528735
0.059770114942528735
0.059770114942528735
0.059770114942528735
0.05862068965517241
0.05862068965517241
0.05747126436781609
0.05747126436781609
0.05517241379310345
0.054022988505747126
0.054022988505747126
0.054022988505747126
0.054022988505747126
0.052873563218390804
0.052873563218390804
0.052873563218390804
0.052873563218390804
0.05172413793103448
0.05172413793103448
0.05057471264367816
0.05057471264367816
0.04942528735632184
0.047126436781609195
0.047126436781609195
0.04597701149425287
0.04597701149425287
0.04597701149425287
0.04597701149425287
0.04597701149425287
0.04597701149425287
0.04482758620689655
0.04482758620689655
0.04482758620689655
0.04482758620689655
0.04482758620689655
0.04482758620689655
0.04482758620689655
0.04482758620689655
0.04482758620689655
0.04482758620689655
0.04482758620689655
0.04482758620689655
0.04482758620689655
0.04482758620689655
0.04482758620689655
0.04482758620689655
0.04482758620689655
0.04482758620689655
0.04367816091954023
0.04367816091954023
0.04367816091954023
0.04252873563218391
0.04252873563218391
0.041379310344827586
0.041379310344827586
0.040229885057471264
0.03908045977011494
0.03908045977011494
0.03908045977011494
0.03908045977011494
0.03793103448275862
0.03793103448275862
0.03793103448275862
0.03793103448275862
0.03793103448275862
0.03793103448275862
0.03793103448275862
0.0367816091954023
0.0367816091954023
0.0367816091954023
0.0367816091954023
0.035632183908045977
0.035632183908045977
0.035632183908045977
0.035632183908045977
0.035632183908045977
0.035632183908045977
0.034482758620689655
0.034482758620689655
0.034482758620689655
0.034482758620689655
0.034482758620689655
0.03333333333333333
0.03333333333333333
0.03333333333333333
0.03333333333333333
0.03333333333333333
0.03333333333333333
0.03218390804597701
0.03218390804597701
0.03218390804597701
0.03103448275862069
0.03103448275862069
0.03103448275862069
0.03103448275862069
0.03103448275862069
0.03103448275862069
0.03103448275862069
0.029885057471264367
0.029885057471264367
0.029885057471264367
0.029885057471264367
0.029885057471264367
0.029885057471264367
0.029885057471264367
0.029885057471264367
0.029885057471264367
0.029885057471264367
0.029885057471264367
0.029885057471264367
0.029885057471264367
0.029885057471264367
0.029885057471264367
0.029885057471264367
0.029885057471264367
0.029885057471264367
0.029885057471264367
0.029885057471264367
0.029885057471264367
0.028735632183908046
0.028735632183908046
0.028735632183908046
0.028735632183908046
0.028735632183908046
0.028735632183908046
0.027586206896551724
0.027586206896551724
0.027586206896551724
0.022988505747126436
0.022988505747126436
0.022988505747126436
0.01954022988505747
0.017241379310344827
0.013793103448275862
0.01264367816091954
0.011494252873563218
0.011494252873563218
0.010344827586206896
0.010344827586206896
0.010344827586206896
0.010344827586206896
0.010344827586206896
0.008045977011494253
0.006896551724137931
0.006896551724137931
0.004597701149425287
0.004597701149425287
0.0022988505747126436
