0.4925187032418953
0.40648379052369077
0.3790523690773067
0.33915211970074816
0.286783042394015
0.2743142144638404
0.2593516209476309
0.2506234413965087
0.22942643391521197
0.2256857855361596
0.22194513715710723
0.20947630922693267
0.20698254364089774
0.20324189526184538
0.20199501246882792
0.20074812967581046
0.19077306733167082
0.18952618453865336
0.18703241895261846
0.18204488778054864
0.16708229426433915
0.1633416458852868
0.1633416458852868
0.15835411471321695
0.1571072319201995
0.1483790523690773
0.13840399002493767
0.13591022443890274
0.13466334164588528
0.128428927680798
0.12718204488778054
0.12468827930174564
0.11970074812967581
0.1172069825436409
0.11596009975062344
0.11596009975062344
0.11346633416458853
0.11346633416458853
0.11097256857855362
0.10972568578553615
0.10723192019950124
0.10473815461346633
0.10224438902743142
0.10224438902743142
0.10099750623441396
0.09850374064837905
0.09850374064837905
0.09850374064837905
0.09850374064837905
0.08977556109725686
0.0885286783042394
0.08478802992518704
0.08354114713216958
0.08104738154613467
0.08104738154613467
0.0798004987531172
0.0773067331670823
0.0773067331670823
0.07605985037406483
0.07605985037406483
0.07605985037406483
0.07481296758104738
0.07481296758104738
0.07356608478802992
0.07356608478802992
0.07356608478802992
0.07231920199501247
0.07231920199501247
0.07231920199501247
0.07231920199501247
0.07231920199501247
0.07231920199501247
0.07231920199501247
0.07231920199501247
0.07231920199501247
0.07231920199501247
0.07231920199501247
0.07231920199501247
0.07231920199501247
0.07231920199501247
0.07231920199501247
0.07231920199501247
0.07231920199501247
0.07231920199501247
0.07231920199501247
0.07231920199501247
0.07231920199501247
0.07231920199501247
0.07231920199501247
0.07231920199501247
0.07231920199501247
0.07231920199501247
0.07231920199501247
0.07231920199501247
0.07231920199501247
0.07231920199501247
0.07231920199501247
0.07231920199501247
0.07231920199501247
0.07231920199501247
0.07231920199501247
0.07231920199501247
0.07231920199501247
0.07231920199501247
0.07231920199501247
0.07231920199501247
0.07231920199501247
0.07231920199501247
0.0685785536159601
0.0685785536159601
0.06733167082294264
0.06733167082294264
0.06608478802992519
0.06483790523690773
0.06483790523690773
0.06483790523690773
0.06359102244389027
0.06234413965087282
0.06234413965087282
0.06109725685785536
0.059850374064837904
0.05860349127182045
0.05860349127182045
0.057356608478802994
0.057356608478802994
0.05610972568578554
0.05486284289276808
0.05361596009975062
0.05361596009975062
0.05361596009975062
0.05361596009975062
0.05361596009975062
0.05361596009975062
0.05112219451371571
0.05112219451371571
0.05112219451371571
0.05112219451371571
0.04987531172069826
0.04987531172069826
0.048628428927680795
0.048628428927680795
0.048628428927680795
0.048628428927680795
0.048628428927680795
0.048628428927680795
0.048628428927680795
0.048628428927680795
0.048628428927680795
0.048628428927680795
0.048628428927680795
0.048628428927680795
0.048628428927680795
0.048628428927680795
0.048628428927680795
0.048628428927680795
0.048628428927680795
0.048628428927680795
0.048628428927680795
0.048628428927680795
0.048628428927680795
0.048628428927680795
0.048628428927680795
0.048628428927680795
0.048628428927680795
0.048628428927680795
0.048628428927680795
0.04738154613466334
0.04738154613466334
0.046134663341645885
0.046134663341645885
0.046134663341645885
0.046134663341645885
0.04488778054862843
0.04488778054862843
0.043640897755610975
0.043640897755610975
0.04239401496259352
0.04239401496259352
0.04114713216957606
0.04114713216957606
0.04114713216957606
0.0399002493765586
0.0399002493765586
0.0399002493765586
0.03865336658354115
0.03865336658354115
0.03865336658354115
0.03865336658354115
0.03865336658354115
0.03865336658354115
0.03865336658354115
0.03740648379052369
0.03740648379052369
0.03740648379052369
0.03740648379052369
0.03740648379052369
0.03740648379052369
0.03740648379052369
0.03615960099750624
0.03615960099750624
0.034912718204488775
0.034912718204488775
0.034912718204488775
0.034912718204488775
0.034912718204488775
0.03366583541147132
0.03366583541147132
0.03366583541147132
0.03366583541147132
0.03366583541147132
0.032418952618453865
0.032418952618453865
0.032418952618453865
0.03117206982543641
0.03117206982543641
0.03117206982543641
0.03117206982543641
0.03117206982543641
0.03117206982543641
0.029925187032418952
0.029925187032418952
0.028678304239401497
0.028678304239401497
0.028678304239401497
0.028678304239401497
0.028678304239401497
0.028678304239401497
0.028678304239401497
0.028678304239401497
0.028678304239401497
0.028678304239401497
0.028678304239401497
0.028678304239401497
0.028678304239401497
0.028678304239401497
0.028678304239401497
0.02743142144638404
0.02743142144638404
0.026184538653366583
0.026184538653366583
0.026184538653366583
0.026184538653366583
0.026184538653366583
0.026184538653366583
0.026184538653366583
0.026184538653366583
0.02493765586034913
0.02493765586034913
0.02493765586034913
0.02493765586034913
0.02493765586034913
0.02493765586034913
0.02493765586034913
0.02493765586034913
0.02493765586034913
0.02493765586034913
0.02493765586034913
0.02493765586034913
0.02493765586034913
0.02369077306733167
0.02369077306733167
0.02369077306733167
0.02369077306733167
0.02369077306733167
0.02369077306733167
0.02369077306733167
0.022443890274314215
0.022443890274314215
0.022443890274314215
0.022443890274314215
0.022443890274314215
0.022443890274314215
0.022443890274314215
0.022443890274314215
0.02119700748129676
0.02119700748129676
0.02119700748129676
0.02119700748129676
0.02119700748129676
0.02119700748129676
0.02119700748129676
0.02119700748129676
0.02119700748129676
0.02119700748129676
0.02119700748129676
0.02119700748129676
0.02119700748129676
0.02119700748129676
0.02119700748129676
0.02119700748129676
0.02119700748129676
0.0199501246882793
0.0199501246882793
0.0199501246882793
0.0199501246882793
0.0199501246882793
0.0199501246882793
0.0199501246882793
0.0199501246882793
0.0199501246882793
0.0199501246882793
0.0199501246882793
0.018703241895261846
0.018703241895261846
0.018703241895261846
0.018703241895261846
0.018703241895261846
0.018703241895261846
0.018703241895261846
0.018703241895261846
0.018703241895261846
0.018703241895261846
0.017456359102244388
0.017456359102244388
0.017456359102244388
0.017456359102244388
0.017456359102244388
0.017456359102244388
0.017456359102244388
0.017456359102244388
0.017456359102244388
0.017456359102244388
0.017456359102244388
0.017456359102244388
0.017456359102244388
0.017456359102244388
0.017456359102244388
0.017456359102244388
0.017456359102244388
0.017456359102244388
0.017456359102244388
0.017456359102244388
0.017456359102244388
0.017456359102244388
0.017456359102244388
0.017456359102244388
0.017456359102244388
0.017456359102244388
0.017456359102244388
0.017456359102244388
0.017456359102244388
0.016209476309226933
0.016209476309226933
0.016209476309226933
0.016209476309226933
0.016209476309226933
0.016209476309226933
0.016209476309226933
0.016209476309226933
0.016209476309226933
0.016209476309226933
0.016209476309226933
0.014962593516209476
0.014962593516209476
0.014962593516209476
0.014962593516209476
0.014962593516209476
0.014962593516209476
0.014962593516209476
0.014962593516209476
0.014962593516209476
0.014962593516209476
0.014962593516209476
0.014962593516209476
0.014962593516209476
0.014962593516209476
0.01371571072319202
0.01371571072319202
0.01371571072319202
0.01371571072319202
0.01371571072319202
0.01371571072319202
0.01371571072319202
0.01371571072319202
0.01371571072319202
0.01371571072319202
0.01371571072319202
0.01371571072319202
0.01371571072319202
0.01371571072319202
0.01371571072319202
0.01371571072319202
0.01371571072319202
0.01371571072319202
0.01371571072319202
0.012468827930174564
0.012468827930174564
0.012468827930174564
0.012468827930174564
0.012468827930174564
0.012468827930174564
0.012468827930174564
0.012468827930174564
0.012468827930174564
0.012468827930174564
0.012468827930174564
0.012468827930174564
0.012468827930174564
0.012468827930174564
0.012468827930174564
0.011221945137157107
0.011221945137157107
0.011221945137157107
0.011221945137157107
0.011221945137157107
0.011221945137157107
0.011221945137157107
0.011221945137157107
0.011221945137157107
0.011221945137157107
0.011221945137157107
0.011221945137157107
0.011221945137157107
0.011221945137157107
0.011221945137157107
0.011221945137157107
0.011221945137157107
0.011221945137157107
0.011221945137157107
0.011221945137157107
0.011221945137157107
0.011221945137157107
0.011221945137157107
0.011221945137157107
0.011221945137157107
0.011221945137157107
0.011221945137157107
0.011221945137157107
0.011221945137157107
0.011221945137157107
0.011221945137157107
0.011221945137157107
0.011221945137157107
0.00997506234413965
0.00997506234413965
0.00997506234413965
0.00997506234413965
0.00997506234413965
0.00997506234413965
0.00997506234413965
0.00997506234413965
0.00997506234413965
0.00997506234413965
0.00997506234413965
0.00997506234413965
0.00997506234413965
0.00997506234413965
0.00997506234413965
0.00997506234413965
0.00997506234413965
0.00997506234413965
0.00997506234413965
0.00997506234413965
0.00997506234413965
0.00997506234413965
0.00997506234413965
0.00997506234413965
0.00997506234413965
0.00997506234413965
0.00997506234413965
0.00997506234413965
0.00997506234413965
0.008728179551122194
0.008728179551122194
0.008728179551122194
0.008728179551122194
0.008728179551122194
0.008728179551122194
0.008728179551122194
0.008728179551122194
0.008728179551122194
0.008728179551122194
0.008728179551122194
0.008728179551122194
0.008728179551122194
0.008728179551122194
0.008728179551122194
0.008728179551122194
0.008728179551122194
0.008728179551122194
0.008728179551122194
0.008728179551122194
0.008728179551122194
0.008728179551122194
0.008728179551122194
0.008728179551122194
0.008728179551122194
0.008728179551122194
0.008728179551122194
0.008728179551122194
0.007481296758104738
0.007481296758104738
0.007481296758104738
0.007481296758104738
0.007481296758104738
0.007481296758104738
0.007481296758104738
0.007481296758104738
0.007481296758104738
0.007481296758104738
0.007481296758104738
0.007481296758104738
0.007481296758104738
0.007481296758104738
0.007481296758104738
0.007481296758104738
0.007481296758104738
0.007481296758104738
0.007481296758104738
0.007481296758104738
0.007481296758104738
0.007481296758104738
0.007481296758104738
0.007481296758104738
0.006234413965087282
0.006234413965087282
0.006234413965087282
0.006234413965087282
0.006234413965087282
0.006234413965087282
0.006234413965087282
0.006234413965087282
0.006234413965087282
0.006234413965087282
0.006234413965087282
0.006234413965087282
0.006234413965087282
0.006234413965087282
0.006234413965087282
0.006234413965087282
0.006234413965087282
0.006234413965087282
0.006234413965087282
0.006234413965087282
0.006234413965087282
0.006234413965087282
0.006234413965087282
0.006234413965087282
0.006234413965087282
0.006234413965087282
0.006234413965087282
0.006234413965087282
0.006234413965087282
0.006234413965087282
0.006234413965087282
0.006234413965087282
0.006234413965087282
0.006234413965087282
0.006234413965087282
0.006234413965087282
0.006234413965087282
0.006234413965087282
0.006234413965087282
0.006234413965087282
0.006234413965087282
0.006234413965087282
0.006234413965087282
0.006234413965087282
0.006234413965087282
0.006234413965087282
0.006234413965087282
0.004987531172069825
0.004987531172069825
0.004987531172069825
0.004987531172069825
0.004987531172069825
0.004987531172069825
0.004987531172069825
0.004987531172069825
0.004987531172069825
0.004987531172069825
0.004987531172069825
0.004987531172069825
0.004987531172069825
0.004987531172069825
0.004987531172069825
0.004987531172069825
0.004987531172069825
0.004987531172069825
0.004987531172069825
0.004987531172069825
0.004987531172069825
0.004987531172069825
0.004987531172069825
0.004987531172069825
0.004987531172069825
0.004987531172069825
0.004987531172069825
0.004987531172069825
0.004987531172069825
0.004987531172069825
0.004987531172069825
0.004987531172069825
0.004987531172069825
0.004987531172069825
0.004987531172069825
0.004987531172069825
0.004987531172069825
0.004987531172069825
0.004987531172069825
0.004987531172069825
0.004987531172069825
0.004987531172069825
0.004987531172069825
0.004987531172069825
0.004987531172069825
0.004987531172069825
0.003740648379052369
0.003740648379052369
0.003740648379052369
0.003740648379052369
0.003740648379052369
0.003740648379052369
0.003740648379052369
0.003740648379052369
0.003740648379052369
0.003740648379052369
0.003740648379052369
0.003740648379052369
0.003740648379052369
0.003740648379052369
0.003740648379052369
0.003740648379052369
0.003740648379052369
0.003740648379052369
0.003740648379052369
0.003740648379052369
0.003740648379052369
0.003740648379052369
0.003740648379052369
0.003740648379052369
0.003740648379052369
0.003740648379052369
0.003740648379052369
0.003740648379052369
0.003740648379052369
0.003740648379052369
0.003740648379052369
0.003740648379052369
0.003740648379052369
0.003740648379052369
0.003740648379052369
0.003740648379052369
0.003740648379052369
0.003740648379052369
0.003740648379052369
0.003740648379052369
0.003740648379052369
0.003740648379052369
0.003740648379052369
0.003740648379052369
0.003740648379052369
0.003740648379052369
0.003740648379052369
0.0024937655860349127
0.0024937655860349127
0.0024937655860349127
0.0024937655860349127
0.0024937655860349127
0.0024937655860349127
0.0024937655860349127
0.0024937655860349127
0.0024937655860349127
0.0024937655860349127
0.0024937655860349127
0.0024937655860349127
0.0024937655860349127
0.0024937655860349127
0.0024937655860349127
0.0024937655860349127
0.0024937655860349127
0.0024937655860349127
0.0024937655860349127
0.0024937655860349127
0.0024937655860349127
0.0024937655860349127
0.0024937655860349127
0.0024937655860349127
0.0024937655860349127
0.0024937655860349127
0.0024937655860349127
0.0024937655860349127
0.0024937655860349127
0.0024937655860349127
0.0024937655860349127
0.0024937655860349127
0.0024937655860349127
0.0024937655860349127
0.0024937655860349127
0.0024937655860349127
0.0024937655860349127
0.0024937655860349127
0.0024937655860349127
0.0024937655860349127
0.0024937655860349127
0.0024937655860349127
0.0024937655860349127
0.0024937655860349127
0.0024937655860349127
0.0024937655860349127
0.0012468827930174563
0.0012468827930174563
0.0012468827930174563
0.0012468827930174563
0.0012468827930174563
0.0012468827930174563
0.0012468827930174563
0.0012468827930174563
0.0012468827930174563
0.0012468827930174563
0.0012468827930174563
0.0012468827930174563
0.0012468827930174563
0.0012468827930174563
0.0012468827930174563
0.0012468827930174563
0.0012468827930174563
0.0012468827930174563
0.0012468827930174563
0.0012468827930174563
0.0012468827930174563
0.0012468827930174563
0.0012468827930174563
0.0012468827930174563
0.0012468827930174563
0.0012468827930174563
0.0012468827930174563
0.0012468827930174563
0.0012468827930174563
0.0012468827930174563
0.0012468827930174563
0.0012468827930174563
0.0012468827930174563
0.0012468827930174563
0.0012468827930174563
0.0012468827930174563
0.0012468827930174563
0.0012468827930174563
0.0012468827930174563
0.0012468827930174563
0.0012468827930174563
0.0012468827930174563
0.0012468827930174563
0.0012468827930174563
0.0012468827930174563
0.0012468827930174563
0.0012468827930174563
