0.1482758620689655
0.12758620689655173
0.12643678160919541
0.12183908045977011
0.11609195402298851
0.11609195402298851
0.11609195402298851
0.11149425287356322
0.10804597701149425
0.10689655172413794
0.10574712643678161
0.10459770114942529
0.10229885057471265
0.10114942528735632
0.10114942528735632
0.10114942528735632
0.09770114942528736
0.09770114942528736
0.09540229885057472
0.09425287356321839
0.09310344827586207
0.09310344827586207
0.09195402298850575
0.09080459770114943
0.09080459770114943
0.09080459770114943
0.08735632183908046
0.07931034482758621
0.07816091954022988
0.07586206896551724
0.07586206896551724
0.0735632183908046
0.07241379310344828
0.07241379310344828
0.07241379310344828
0.07241379310344828
0.07011494252873564
0.067816091954023
0.06091954022988506
0.059770114942528735
0.059770114942528735
0.059770114942528735
0.059770114942528735
0.05862068965517241
0.05862068965517241
0.05747126436781609
0.05747126436781609
0.05632183908045977
0.05517241379310345
0.05517241379310345
0.05517241379310345
0.05517241379310345
0.05517241379310345
0.054022988505747126
0.054022988505747126
0.054022988505747126
0.054022988505747126
0.054022988505747126
0.054022988505747126
0.054022988505747126
0.054022988505747126
0.054022988505747126
0.054022988505747126
0.052873563218390804
0.052873563218390804
0.052873563218390804
0.04942528735632184
0.04942528735632184
0.04942528735632184
0.04827586206896552
0.04827586206896552
0.04827586206896552
0.04827586206896552
0.04827586206896552
0.047126436781609195
0.047126436781609195
0.047126436781609195
0.047126436781609195
0.047126436781609195
0.04482758620689655
0.04482758620689655
0.04482758620689655
0.04482758620689655
0.04482758620689655
0.04482758620689655
0.04482758620689655
0.04482758620689655
0.04482758620689655
0.04482758620689655
0.04482758620689655
0.04482758620689655
0.04482758620689655
0.04482758620689655
0.04482758620689655
0.04482758620689655
0.04482758620689655
0.04482758620689655
0.04482758620689655
0.04367816091954023
0.04367816091954023
0.04367816091954023
0.04367816091954023
0.04252873563218391
0.04252873563218391
0.04252873563218391
0.04252873563218391
0.041379310344827586
0.041379310344827586
0.041379310344827586
0.040229885057471264
0.040229885057471264
0.03908045977011494
0.03908045977011494
0.03908045977011494
0.0367816091954023
0.0367816091954023
0.035632183908045977
0.034482758620689655
0.034482758620689655
0.03333333333333333
0.03333333333333333
0.03218390804597701
0.03218390804597701
0.03218390804597701
0.03218390804597701
0.03218390804597701
0.029885057471264367
0.028735632183908046
0.027586206896551724
0.02528735632183908
0.020689655172413793
0.014942528735632184
0.008045977011494253
0.006896551724137931
0.005747126436781609
