0.267816091954023
0.22298850574712645
0.20229885057471264
0.20229885057471264
0.2
0.16666666666666666
0.1632183908045977
0.16206896551724137
0.15747126436781608
0.15402298850574714
0.15172413793103448
0.14942528735632185
0.14942528735632185
0.1482758620689655
0.14022988505747128
0.13793103448275862
0.1310344827586207
0.12758620689655173
0.12528735632183907
0.12413793103448276
0.12413793103448276
0.12413793103448276
0.12183908045977011
0.1206896551724138
0.1206896551724138
0.11839080459770115
0.10459770114942529
0.10344827586206896
0.09885057471264368
0.09540229885057472
0.09540229885057472
0.09540229885057472
0.09195402298850575
0.08735632183908046
0.08735632183908046
0.08620689655172414
0.0839080459770115
0.08275862068965517
0.07931034482758621
0.07816091954022988
0.07701149425287357
0.0735632183908046
0.0735632183908046
0.0735632183908046
0.07126436781609195
0.07011494252873564
0.07011494252873564
0.06896551724137931
0.06896551724137931
0.06896551724137931
0.06896551724137931
0.067816091954023
0.06666666666666667
0.06551724137931035
0.06551724137931035
0.06206896551724138
0.06091954022988506
0.06091954022988506
0.06091954022988506
0.06091954022988506
0.06091954022988506
0.06091954022988506
0.06091954022988506
0.059770114942528735
0.059770114942528735
0.059770114942528735
0.059770114942528735
0.059770114942528735
0.059770114942528735
0.059770114942528735
0.059770114942528735
0.05862068965517241
0.05747126436781609
0.05517241379310345
0.05517241379310345
0.05517241379310345
0.052873563218390804
0.052873563218390804
0.052873563218390804
0.052873563218390804
0.052873563218390804
0.052873563218390804
0.052873563218390804
0.052873563218390804
0.052873563218390804
0.05057471264367816
0.05057471264367816
0.04942528735632184
0.04942528735632184
0.047126436781609195
0.04597701149425287
0.04597701149425287
0.04597701149425287
0.04597701149425287
0.04597701149425287
0.04482758620689655
0.04482758620689655
0.04482758620689655
0.04482758620689655
0.04482758620689655
0.04482758620689655
0.04482758620689655
0.04482758620689655
0.04482758620689655
0.04482758620689655
0.04482758620689655
0.04482758620689655
0.04482758620689655
0.04482758620689655
0.04482758620689655
0.04482758620689655
0.04482758620689655
0.04482758620689655
0.04482758620689655
0.04482758620689655
0.04367816091954023
0.04252873563218391
0.04252873563218391
0.04252873563218391
0.041379310344827586
0.040229885057471264
0.040229885057471264
0.03908045977011494
0.03908045977011494
0.03908045977011494
0.03908045977011494
0.03793103448275862
0.03793103448275862
0.03793103448275862
0.03793103448275862
0.03793103448275862
0.03793103448275862
0.0367816091954023
0.0367816091954023
0.0367816091954023
0.0367816091954023
0.0367816091954023
0.035632183908045977
0.035632183908045977
0.035632183908045977
0.035632183908045977
0.035632183908045977
0.035632183908045977
0.034482758620689655
0.034482758620689655
0.034482758620689655
0.034482758620689655
0.034482758620689655
0.03333333333333333
0.03333333333333333
0.03333333333333333
0.03333333333333333
0.03218390804597701
0.03218390804597701
0.03218390804597701
0.03103448275862069
0.03103448275862069
0.03103448275862069
0.03103448275862069
0.03103448275862069
0.03103448275862069
0.03103448275862069
0.029885057471264367
0.029885057471264367
0.029885057471264367
0.029885057471264367
0.029885057471264367
0.029885057471264367
0.029885057471264367
0.029885057471264367
0.029885057471264367
0.029885057471264367
0.029885057471264367
0.029885057471264367
0.029885057471264367
0.029885057471264367
0.029885057471264367
0.029885057471264367
0.029885057471264367
0.029885057471264367
0.029885057471264367
0.029885057471264367
0.029885057471264367
0.029885057471264367
0.029885057471264367
0.028735632183908046
0.028735632183908046
0.028735632183908046
0.028735632183908046
0.028735632183908046
0.027586206896551724
0.027586206896551724
0.026436781609195402
0.026436781609195402
0.026436781609195402
0.026436781609195402
0.026436781609195402
0.026436781609195402
0.026436781609195402
0.02528735632183908
0.02528735632183908
0.02528735632183908
0.02528735632183908
0.02528735632183908
0.02528735632183908
0.02413793103448276
0.02413793103448276
0.02413793103448276
0.02413793103448276
0.02413793103448276
0.02413793103448276
0.02413793103448276
0.02413793103448276
0.02413793103448276
0.02413793103448276
0.02413793103448276
0.02413793103448276
0.02413793103448276
0.02413793103448276
0.02413793103448276
0.02413793103448276
0.02413793103448276
0.02413793103448276
0.02413793103448276
0.02413793103448276
0.02413793103448276
0.02413793103448276
0.02413793103448276
0.02413793103448276
0.02413793103448276
0.022988505747126436
0.022988505747126436
0.022988505747126436
0.022988505747126436
0.022988505747126436
0.021839080459770115
0.021839080459770115
0.021839080459770115
0.020689655172413793
0.01954022988505747
0.017241379310344827
0.017241379310344827
0.016091954022988506
0.016091954022988506
0.016091954022988506
0.013793103448275862
0.01264367816091954
0.01264367816091954
0.01264367816091954
0.011494252873563218
0.010344827586206896
0.010344827586206896
0.009195402298850575
0.009195402298850575
0.008045977011494253
0.008045977011494253
0.008045977011494253
0.008045977011494253
0.008045977011494253
0.006896551724137931
0.005747126436781609
