0.26059850374064836
0.21321695760598502
0.1882793017456359
0.185785536159601
0.18204488778054864
0.17581047381546136
0.17331670822942644
0.1708229426433915
0.16957605985037408
0.16708229426433915
0.16458852867830423
0.16209476309226933
0.14962593516209477
0.1483790523690773
0.14588528678304238
0.13840399002493767
0.13840399002493767
0.13840399002493767
0.13466334164588528
0.13092269326683292
0.13092269326683292
0.12967581047381546
0.12967581047381546
0.12718204488778054
0.12468827930174564
0.12094763092269327
0.11845386533665836
0.11471321695760599
0.11097256857855362
0.10224438902743142
0.10224438902743142
0.09600997506234414
0.09600997506234414
0.09600997506234414
0.09476309226932668
0.09476309226932668
0.09351620947630923
0.09351620947630923
0.09226932668329177
0.09226932668329177
0.09102244389027432
0.09102244389027432
0.09102244389027432
0.08728179551122195
0.08728179551122195
0.08728179551122195
0.08104738154613467
0.08104738154613467
0.07605985037406483
0.07605985037406483
0.07605985037406483
0.07481296758104738
0.07481296758104738
0.07356608478802992
0.07231920199501247
0.07231920199501247
0.07231920199501247
0.07231920199501247
0.07231920199501247
0.07231920199501247
0.07231920199501247
0.07231920199501247
0.07231920199501247
0.07231920199501247
0.07231920199501247
0.07231920199501247
0.07231920199501247
0.07231920199501247
0.07231920199501247
0.07231920199501247
0.07231920199501247
0.07231920199501247
0.07231920199501247
0.07231920199501247
0.07231920199501247
0.07231920199501247
0.07231920199501247
0.07231920199501247
0.07231920199501247
0.07231920199501247
0.07231920199501247
0.07231920199501247
0.07231920199501247
0.07231920199501247
0.07231920199501247
0.07231920199501247
0.07231920199501247
0.07231920199501247
0.07231920199501247
0.07231920199501247
0.07231920199501247
0.07231920199501247
0.07231920199501247
0.07231920199501247
0.07231920199501247
0.07231920199501247
0.07107231920199501
0.07107231920199501
0.06982543640897755
0.06733167082294264
0.06608478802992519
0.06608478802992519
0.06109725685785536
0.06109725685785536
0.059850374064837904
0.059850374064837904
0.057356608478802994
0.057356608478802994
0.057356608478802994
0.057356608478802994
0.05486284289276808
0.05361596009975062
0.05361596009975062
0.05361596009975062
0.05236907730673317
0.05236907730673317
0.05236907730673317
0.05112219451371571
0.05112219451371571
0.05112219451371571
0.05112219451371571
0.05112219451371571
0.05112219451371571
0.04987531172069826
0.04987531172069826
0.04987531172069826
0.048628428927680795
0.048628428927680795
0.048628428927680795
0.048628428927680795
0.048628428927680795
0.048628428927680795
0.048628428927680795
0.048628428927680795
0.048628428927680795
0.048628428927680795
0.048628428927680795
0.048628428927680795
0.048628428927680795
0.048628428927680795
0.048628428927680795
0.048628428927680795
0.048628428927680795
0.048628428927680795
0.048628428927680795
0.048628428927680795
0.048628428927680795
0.048628428927680795
0.048628428927680795
0.048628428927680795
0.048628428927680795
0.04738154613466334
0.04738154613466334
0.04738154613466334
0.046134663341645885
0.046134663341645885
0.046134663341645885
0.046134663341645885
0.043640897755610975
0.043640897755610975
0.043640897755610975
0.04239401496259352
0.04239401496259352
0.04239401496259352
0.04239401496259352
0.04239401496259352
0.04239401496259352
0.04114713216957606
0.0399002493765586
0.0399002493765586
0.0399002493765586
0.0399002493765586
0.03865336658354115
0.03865336658354115
0.03865336658354115
0.03865336658354115
0.03865336658354115
0.03865336658354115
0.03865336658354115
0.03740648379052369
0.03740648379052369
0.03615960099750624
0.03615960099750624
0.03615960099750624
0.03615960099750624
0.034912718204488775
0.034912718204488775
0.03366583541147132
0.03366583541147132
0.03366583541147132
0.03366583541147132
0.032418952618453865
0.032418952618453865
0.032418952618453865
0.03117206982543641
0.03117206982543641
0.03117206982543641
0.03117206982543641
0.029925187032418952
0.029925187032418952
0.029925187032418952
0.029925187032418952
0.028678304239401497
0.02743142144638404
0.02743142144638404
0.02743142144638404
0.02743142144638404
0.02369077306733167
0.022443890274314215
0.017456359102244388
0.01371571072319202
0.011221945137157107
0.0024937655860349127
