0.10459770114942529
0.09885057471264368
0.09195402298850575
0.09080459770114943
0.09080459770114943
0.09080459770114943
0.09080459770114943
0.0896551724137931
0.0896551724137931
0.0896551724137931
0.08850574712643679
0.08735632183908046
0.08735632183908046
0.08620689655172414
0.08620689655172414
0.0839080459770115
0.0839080459770115
0.08045977011494253
0.07931034482758621
0.07931034482758621
0.07931034482758621
0.07701149425287357
0.07701149425287357
0.07471264367816093
0.07471264367816093
0.07126436781609195
0.07126436781609195
0.07011494252873564
0.067816091954023
0.067816091954023
0.06666666666666667
0.06666666666666667
0.06551724137931035
0.06436781609195402
0.06436781609195402
0.05747126436781609
0.05747126436781609
0.05747126436781609
0.054022988505747126
0.054022988505747126
0.054022988505747126
0.052873563218390804
0.052873563218390804
0.05172413793103448
0.05057471264367816
0.05057471264367816
0.05057471264367816
0.05057471264367816
0.05057471264367816
0.04827586206896552
0.047126436781609195
0.04597701149425287
0.04597701149425287
0.04597701149425287
0.04597701149425287
0.04597701149425287
0.04597701149425287
0.04597701149425287
0.04482758620689655
0.04252873563218391
0.04252873563218391
0.04252873563218391
0.04252873563218391
0.041379310344827586
0.041379310344827586
0.041379310344827586
0.041379310344827586
0.040229885057471264
0.040229885057471264
0.03908045977011494
0.03908045977011494
0.03908045977011494
0.03908045977011494
0.03908045977011494
0.03793103448275862
0.03793103448275862
0.03793103448275862
0.03333333333333333
0.03333333333333333
0.03103448275862069
0.03103448275862069
0.03103448275862069
0.029885057471264367
0.029885057471264367
0.029885057471264367
0.029885057471264367
0.029885057471264367
0.029885057471264367
0.029885057471264367
0.029885057471264367
0.027586206896551724
0.026436781609195402
