0.09389671361502347
0.09389671361502347
0.09389671361502347
0.09272300469483569
0.09272300469483569
0.09272300469483569
0.09154929577464789
0.09154929577464789
0.0903755868544601
0.0892018779342723
0.0892018779342723
0.0892018779342723
0.08685446009389672
0.08333333333333333
0.08333333333333333
0.08215962441314555
0.08215962441314555
0.08215962441314555
0.08098591549295775
0.07981220657276995
0.07981220657276995
0.07981220657276995
0.07863849765258216
0.07746478873239436
0.07746478873239436
0.07746478873239436
0.07746478873239436
0.07629107981220658
0.07394366197183098
0.07394366197183098
0.07394366197183098
0.07276995305164319
0.07276995305164319
0.07276995305164319
0.07276995305164319
0.07042253521126761
0.06924882629107981
0.06924882629107981
0.06924882629107981
0.06690140845070422
0.06690140845070422
0.06572769953051644
0.06455399061032864
0.06338028169014084
0.062206572769953054
0.06103286384976526
0.06103286384976526
0.05985915492957746
0.05985915492957746
0.05985915492957746
0.05868544600938967
0.056338028169014086
0.056338028169014086
0.0539906103286385
0.0528169014084507
0.051643192488262914
0.051643192488262914
0.05046948356807512
0.05046948356807512
0.05046948356807512
0.05046948356807512
0.05046948356807512
0.04929577464788732
0.04929577464788732
0.04929577464788732
0.04929577464788732
0.04812206572769953
0.04812206572769953
0.04812206572769953
0.045774647887323945
0.04460093896713615
0.04460093896713615
0.04460093896713615
0.04460093896713615
0.04342723004694836
0.04225352112676056
0.04225352112676056
0.036384976525821594
0.03403755868544601
0.03051643192488263
0.017605633802816902
