0.32418952618453867
0.27057356608478805
0.2581047381546135
0.2506234413965087
0.2119700748129676
0.21072319201995013
0.20698254364089774
0.2057356608478803
0.20199501246882792
0.20074812967581046
0.19326683291770574
0.18703241895261846
0.18703241895261846
0.18204488778054864
0.16708229426433915
0.16209476309226933
0.1571072319201995
0.1571072319201995
0.1571072319201995
0.15211970074812967
0.15211970074812967
0.14588528678304238
0.14463840399002495
0.14089775561097256
0.13591022443890274
0.13466334164588528
0.13466334164588528
0.12718204488778054
0.12219451371571072
0.11845386533665836
0.1084788029925187
0.10723192019950124
0.10723192019950124
0.10723192019950124
0.1059850374064838
0.10349127182044887
0.10099750623441396
0.09975062344139651
0.09975062344139651
0.09850374064837905
0.09725685785536159
0.09725685785536159
0.09725685785536159
0.09476309226932668
0.09476309226932668
0.09476309226932668
0.09226932668329177
0.08603491271820449
0.08354114713216958
0.08354114713216958
0.08229426433915212
0.07855361596009976
0.07855361596009976
0.07855361596009976
0.07605985037406483
0.07481296758104738
0.07481296758104738
0.07481296758104738
0.07231920199501247
0.07231920199501247
0.07231920199501247
0.07231920199501247
0.07231920199501247
0.07231920199501247
0.07231920199501247
0.07231920199501247
0.07231920199501247
0.07231920199501247
0.07231920199501247
0.07231920199501247
0.07231920199501247
0.07231920199501247
0.07231920199501247
0.07231920199501247
0.07231920199501247
0.07231920199501247
0.07231920199501247
0.07231920199501247
0.07231920199501247
0.07231920199501247
0.07231920199501247
0.07231920199501247
0.07231920199501247
0.07231920199501247
0.07231920199501247
0.07231920199501247
0.07231920199501247
0.07231920199501247
0.07231920199501247
0.07231920199501247
0.07231920199501247
0.07231920199501247
0.07231920199501247
0.07231920199501247
0.07231920199501247
0.07231920199501247
0.07231920199501247
0.07231920199501247
0.07231920199501247
0.07107231920199501
0.07107231920199501
0.07107231920199501
0.06982543640897755
0.0685785536159601
0.0685785536159601
0.06483790523690773
0.06483790523690773
0.06483790523690773
0.06483790523690773
0.06234413965087282
0.059850374064837904
0.059850374064837904
0.059850374064837904
0.059850374064837904
0.059850374064837904
0.05860349127182045
0.057356608478802994
0.05610972568578554
0.05610972568578554
0.05610972568578554
0.05486284289276808
0.05486284289276808
0.05361596009975062
0.05361596009975062
0.05361596009975062
0.05361596009975062
0.05361596009975062
0.05361596009975062
0.05361596009975062
0.05361596009975062
0.05361596009975062
0.05236907730673317
0.04987531172069826
0.04987531172069826
0.04987531172069826
0.048628428927680795
0.048628428927680795
0.048628428927680795
0.048628428927680795
0.048628428927680795
0.048628428927680795
0.048628428927680795
0.048628428927680795
0.048628428927680795
0.048628428927680795
0.048628428927680795
0.048628428927680795
0.048628428927680795
0.048628428927680795
0.048628428927680795
0.048628428927680795
0.048628428927680795
0.048628428927680795
0.048628428927680795
0.048628428927680795
0.048628428927680795
0.048628428927680795
0.048628428927680795
0.048628428927680795
0.04738154613466334
0.04738154613466334
0.046134663341645885
0.046134663341645885
0.046134663341645885
0.043640897755610975
0.043640897755610975
0.043640897755610975
0.043640897755610975
0.043640897755610975
0.04239401496259352
0.04114713216957606
0.04114713216957606
0.04114713216957606
0.04114713216957606
0.0399002493765586
0.0399002493765586
0.0399002493765586
0.0399002493765586
0.03865336658354115
0.03865336658354115
0.03865336658354115
0.03865336658354115
0.03865336658354115
0.03740648379052369
0.03740648379052369
0.03740648379052369
0.03740648379052369
0.03740648379052369
0.03740648379052369
0.03740648379052369
0.03615960099750624
0.03615960099750624
0.034912718204488775
0.034912718204488775
0.034912718204488775
0.03366583541147132
0.03366583541147132
0.03366583541147132
0.032418952618453865
0.032418952618453865
0.032418952618453865
0.032418952618453865
0.03117206982543641
0.03117206982543641
0.03117206982543641
0.03117206982543641
0.029925187032418952
0.029925187032418952
0.029925187032418952
0.029925187032418952
0.029925187032418952
0.028678304239401497
0.028678304239401497
0.028678304239401497
0.028678304239401497
0.028678304239401497
0.028678304239401497
0.028678304239401497
0.028678304239401497
0.028678304239401497
0.028678304239401497
0.028678304239401497
0.028678304239401497
0.028678304239401497
0.02743142144638404
0.02743142144638404
0.026184538653366583
0.026184538653366583
0.02493765586034913
0.02493765586034913
0.02493765586034913
0.02493765586034913
0.02493765586034913
0.02493765586034913
0.02493765586034913
0.02493765586034913
0.02493765586034913
0.02369077306733167
0.02369077306733167
0.02369077306733167
0.02369077306733167
0.02369077306733167
0.02369077306733167
0.022443890274314215
0.022443890274314215
0.022443890274314215
0.022443890274314215
0.022443890274314215
0.022443890274314215
0.022443890274314215
0.022443890274314215
0.022443890274314215
0.022443890274314215
0.02119700748129676
0.02119700748129676
0.02119700748129676
0.02119700748129676
0.02119700748129676
0.02119700748129676
0.02119700748129676
0.02119700748129676
0.02119700748129676
0.02119700748129676
0.02119700748129676
0.02119700748129676
0.02119700748129676
0.02119700748129676
0.02119700748129676
0.02119700748129676
0.02119700748129676
0.02119700748129676
0.02119700748129676
0.02119700748129676
0.0199501246882793
0.0199501246882793
0.0199501246882793
0.0199501246882793
0.0199501246882793
0.0199501246882793
0.018703241895261846
0.018703241895261846
0.017456359102244388
0.017456359102244388
0.017456359102244388
0.016209476309226933
0.016209476309226933
0.014962593516209476
0.01371571072319202
0.01371571072319202
0.01371571072319202
0.012468827930174564
0.012468827930174564
0.011221945137157107
0.011221945137157107
0.011221945137157107
0.00997506234413965
0.00997506234413965
0.007481296758104738
0.007481296758104738
0.007481296758104738
0.004987531172069825
0.004987531172069825
