0.23690773067331672
0.19451371571072318
0.17331670822942644
0.17206982543640897
0.16957605985037408
0.1658354114713217
0.15835411471321695
0.14713216957605985
0.14588528678304238
0.14588528678304238
0.14463840399002495
0.14463840399002495
0.14214463840399003
0.13341645885286782
0.13216957605985039
0.13216957605985039
0.13092269326683292
0.13092269326683292
0.13092269326683292
0.1259351620947631
0.12344139650872818
0.11845386533665836
0.1172069825436409
0.1172069825436409
0.11596009975062344
0.11471321695760599
0.11346633416458853
0.10972568578553615
0.10723192019950124
0.10099750623441396
0.09476309226932668
0.09476309226932668
0.09476309226932668
0.09226932668329177
0.09226932668329177
0.0885286783042394
0.0885286783042394
0.0885286783042394
0.0885286783042394
0.08728179551122195
0.08728179551122195
0.08354114713216958
0.08354114713216958
0.08229426433915212
0.08104738154613467
0.08104738154613467
0.0773067331670823
0.07605985037406483
0.07481296758104738
0.07481296758104738
0.07356608478802992
0.07231920199501247
0.07231920199501247
0.07231920199501247
0.07231920199501247
0.07231920199501247
0.07231920199501247
0.07231920199501247
0.07231920199501247
0.07231920199501247
0.07231920199501247
0.07231920199501247
0.07231920199501247
0.07231920199501247
0.07231920199501247
0.07231920199501247
0.07231920199501247
0.07231920199501247
0.07231920199501247
0.07231920199501247
0.07231920199501247
0.07231920199501247
0.07231920199501247
0.07231920199501247
0.07231920199501247
0.07231920199501247
0.07231920199501247
0.07231920199501247
0.07231920199501247
0.07231920199501247
0.07231920199501247
0.07231920199501247
0.07231920199501247
0.07231920199501247
0.07231920199501247
0.07231920199501247
0.07231920199501247
0.07231920199501247
0.07231920199501247
0.07231920199501247
0.07231920199501247
0.07231920199501247
0.07231920199501247
0.07107231920199501
0.07107231920199501
0.06982543640897755
0.06982543640897755
0.06733167082294264
0.06608478802992519
0.06608478802992519
0.06483790523690773
0.06109725685785536
0.059850374064837904
0.059850374064837904
0.059850374064837904
0.057356608478802994
0.057356608478802994
0.05610972568578554
0.05610972568578554
0.05610972568578554
0.05361596009975062
0.05236907730673317
0.05112219451371571
0.05112219451371571
0.05112219451371571
0.05112219451371571
0.05112219451371571
0.05112219451371571
0.05112219451371571
0.05112219451371571
0.04987531172069826
0.04987531172069826
0.04987531172069826
0.048628428927680795
0.048628428927680795
0.048628428927680795
0.048628428927680795
0.048628428927680795
0.048628428927680795
0.048628428927680795
0.048628428927680795
0.048628428927680795
0.048628428927680795
0.048628428927680795
0.048628428927680795
0.048628428927680795
0.048628428927680795
0.048628428927680795
0.048628428927680795
0.048628428927680795
0.048628428927680795
0.048628428927680795
0.048628428927680795
0.048628428927680795
0.048628428927680795
0.048628428927680795
0.048628428927680795
0.04738154613466334
0.04738154613466334
0.04738154613466334
0.046134663341645885
0.046134663341645885
0.04488778054862843
0.04488778054862843
0.04488778054862843
0.043640897755610975
0.04239401496259352
0.04239401496259352
0.04114713216957606
0.04114713216957606
0.04114713216957606
0.04114713216957606
0.04114713216957606
0.0399002493765586
0.0399002493765586
0.0399002493765586
0.0399002493765586
0.03865336658354115
0.03865336658354115
0.03865336658354115
0.03865336658354115
0.03865336658354115
0.03865336658354115
0.03865336658354115
0.03865336658354115
0.03865336658354115
0.03740648379052369
0.03740648379052369
0.03615960099750624
0.03615960099750624
0.03615960099750624
0.034912718204488775
0.032418952618453865
0.032418952618453865
0.032418952618453865
0.032418952618453865
0.03117206982543641
0.03117206982543641
0.02743142144638404
0.02119700748129676
0.011221945137157107
