0.3685446009389671
0.3591549295774648
0.2981220657276995
0.2805164319248826
0.24647887323943662
0.24178403755868544
0.2312206572769953
0.22300469483568075
0.21244131455399062
0.2007042253521127
0.19953051643192488
0.19483568075117372
0.18192488262910797
0.1772300469483568
0.176056338028169
0.176056338028169
0.16314553990610328
0.16314553990610328
0.1607981220657277
0.1596244131455399
0.15375586854460094
0.15258215962441316
0.15023474178403756
0.14906103286384975
0.1467136150234742
0.1443661971830986
0.1431924882629108
0.14084507042253522
0.14084507042253522
0.1396713615023474
0.13497652582159625
0.12793427230046947
0.12441314553990611
0.11619718309859155
0.11384976525821597
0.11384976525821597
0.11384976525821597
0.11384976525821597
0.11267605633802817
0.11032863849765258
0.107981220657277
0.107981220657277
0.107981220657277
0.1068075117370892
0.1056338028169014
0.10446009389671361
0.10093896713615023
0.09976525821596244
0.09272300469483569
0.09272300469483569
0.0892018779342723
0.0880281690140845
0.08568075117370892
0.08450704225352113
0.08333333333333333
0.08333333333333333
0.08215962441314555
0.08215962441314555
0.07746478873239436
0.07629107981220658
0.07511737089201878
0.07276995305164319
0.07276995305164319
0.07276995305164319
0.07276995305164319
0.0715962441314554
0.0715962441314554
0.07042253521126761
0.07042253521126761
0.07042253521126761
0.07042253521126761
0.06924882629107981
0.06807511737089202
0.06690140845070422
0.06690140845070422
0.06572769953051644
0.06455399061032864
0.062206572769953054
0.06103286384976526
0.06103286384976526
0.05868544600938967
0.05868544600938967
0.057511737089201875
0.056338028169014086
0.056338028169014086
0.056338028169014086
0.056338028169014086
0.05516431924882629
0.0539906103286385
0.0539906103286385
0.0539906103286385
0.051643192488262914
0.051643192488262914
0.051643192488262914
0.051643192488262914
0.051643192488262914
0.05046948356807512
0.05046948356807512
0.05046948356807512
0.05046948356807512
0.05046948356807512
0.05046948356807512
0.05046948356807512
0.04929577464788732
0.04812206572769953
0.04812206572769953
0.04812206572769953
0.04812206572769953
0.04812206572769953
0.04812206572769953
0.046948356807511735
0.046948356807511735
0.046948356807511735
0.045774647887323945
0.045774647887323945
0.04460093896713615
0.04460093896713615
0.04460093896713615
0.04342723004694836
0.04342723004694836
0.04342723004694836
0.04342723004694836
0.04342723004694836
0.04342723004694836
0.04342723004694836
0.04342723004694836
0.04342723004694836
0.04225352112676056
0.04225352112676056
0.04225352112676056
0.04225352112676056
0.04225352112676056
0.04225352112676056
0.04225352112676056
0.04107981220657277
0.03990610328638498
0.03873239436619718
0.03873239436619718
0.03755868544600939
0.03755868544600939
0.03755868544600939
0.03755868544600939
0.03755868544600939
0.03755868544600939
0.03755868544600939
0.03755868544600939
0.03755868544600939
0.036384976525821594
0.036384976525821594
0.036384976525821594
0.036384976525821594
0.036384976525821594
0.036384976525821594
0.036384976525821594
0.036384976525821594
0.035211267605633804
0.03403755868544601
0.03403755868544601
0.03403755868544601
0.03403755868544601
0.03403755868544601
0.03403755868544601
0.03403755868544601
0.03403755868544601
0.03403755868544601
0.03403755868544601
0.03403755868544601
0.03403755868544601
0.03403755868544601
0.03403755868544601
0.03403755868544601
0.03403755868544601
0.03403755868544601
0.03403755868544601
0.03403755868544601
0.03403755868544601
0.03403755868544601
0.03403755868544601
0.03403755868544601
0.03403755868544601
0.03403755868544601
0.03403755868544601
0.03403755868544601
0.03403755868544601
0.03403755868544601
0.03403755868544601
0.03403755868544601
0.03403755868544601
0.03403755868544601
0.03403755868544601
0.03403755868544601
0.03286384976525822
0.03286384976525822
0.03286384976525822
0.03286384976525822
0.03286384976525822
0.03286384976525822
0.03286384976525822
0.03286384976525822
0.03286384976525822
0.03286384976525822
0.03286384976525822
0.03286384976525822
0.03286384976525822
0.03286384976525822
0.03286384976525822
0.03286384976525822
0.03286384976525822
0.03286384976525822
0.03286384976525822
0.03286384976525822
0.03286384976525822
0.03286384976525822
0.03286384976525822
0.03286384976525822
0.03169014084507042
0.03169014084507042
0.03169014084507042
0.03169014084507042
0.03169014084507042
0.03169014084507042
0.03169014084507042
0.03169014084507042
0.03169014084507042
0.03169014084507042
0.03051643192488263
0.03051643192488263
0.03051643192488263
0.03051643192488263
0.029342723004694836
0.029342723004694836
0.029342723004694836
0.028169014084507043
0.028169014084507043
0.028169014084507043
0.028169014084507043
0.028169014084507043
0.028169014084507043
0.028169014084507043
0.028169014084507043
0.028169014084507043
0.028169014084507043
0.02699530516431925
0.02699530516431925
0.02699530516431925
0.02699530516431925
0.02699530516431925
0.02699530516431925
0.02699530516431925
0.025821596244131457
0.02464788732394366
0.02464788732394366
0.02464788732394366
0.02464788732394366
0.02464788732394366
0.02464788732394366
0.02464788732394366
0.02464788732394366
0.02464788732394366
0.02464788732394366
0.02464788732394366
0.02464788732394366
0.02464788732394366
0.02464788732394366
0.02464788732394366
0.02464788732394366
0.023474178403755867
0.022300469483568074
0.022300469483568074
0.022300469483568074
0.022300469483568074
0.022300469483568074
0.022300469483568074
0.02112676056338028
0.02112676056338028
0.02112676056338028
0.01995305164319249
0.01995305164319249
0.01995305164319249
0.01995305164319249
0.018779342723004695
0.018779342723004695
0.018779342723004695
0.018779342723004695
0.018779342723004695
0.018779342723004695
0.018779342723004695
0.018779342723004695
0.018779342723004695
0.018779342723004695
0.018779342723004695
0.018779342723004695
0.018779342723004695
0.018779342723004695
0.018779342723004695
0.018779342723004695
0.018779342723004695
0.018779342723004695
0.017605633802816902
0.017605633802816902
0.017605633802816902
0.017605633802816902
0.017605633802816902
0.017605633802816902
0.017605633802816902
0.017605633802816902
0.017605633802816902
0.017605633802816902
0.017605633802816902
0.017605633802816902
0.017605633802816902
0.017605633802816902
0.017605633802816902
0.017605633802816902
0.017605633802816902
0.017605633802816902
0.017605633802816902
0.017605633802816902
0.017605633802816902
0.017605633802816902
0.017605633802816902
0.017605633802816902
0.017605633802816902
0.017605633802816902
0.017605633802816902
0.017605633802816902
0.017605633802816902
0.017605633802816902
0.017605633802816902
0.017605633802816902
0.017605633802816902
0.017605633802816902
0.017605633802816902
0.017605633802816902
0.017605633802816902
0.017605633802816902
0.017605633802816902
0.01643192488262911
0.01643192488262911
0.01643192488262911
0.01643192488262911
0.01643192488262911
0.01643192488262911
0.01643192488262911
0.015258215962441314
0.015258215962441314
0.015258215962441314
0.015258215962441314
0.015258215962441314
0.015258215962441314
0.015258215962441314
0.015258215962441314
0.015258215962441314
0.015258215962441314
0.015258215962441314
0.015258215962441314
0.015258215962441314
0.015258215962441314
0.015258215962441314
0.015258215962441314
0.015258215962441314
0.015258215962441314
0.015258215962441314
0.015258215962441314
0.015258215962441314
0.014084507042253521
0.014084507042253521
0.014084507042253521
0.014084507042253521
0.014084507042253521
0.014084507042253521
0.014084507042253521
0.014084507042253521
0.014084507042253521
0.014084507042253521
0.014084507042253521
0.014084507042253521
0.014084507042253521
0.014084507042253521
0.014084507042253521
0.012910798122065728
0.012910798122065728
0.012910798122065728
0.012910798122065728
0.012910798122065728
0.012910798122065728
0.012910798122065728
0.012910798122065728
0.012910798122065728
0.012910798122065728
0.012910798122065728
0.012910798122065728
0.012910798122065728
0.012910798122065728
0.012910798122065728
0.012910798122065728
0.012910798122065728
0.012910798122065728
0.012910798122065728
0.012910798122065728
0.012910798122065728
0.012910798122065728
0.012910798122065728
0.012910798122065728
0.012910798122065728
0.012910798122065728
0.012910798122065728
0.012910798122065728
0.012910798122065728
0.012910798122065728
0.012910798122065728
0.012910798122065728
0.012910798122065728
0.012910798122065728
0.012910798122065728
0.012910798122065728
0.012910798122065728
0.012910798122065728
0.011737089201877934
0.011737089201877934
0.011737089201877934
0.011737089201877934
0.011737089201877934
0.011737089201877934
0.011737089201877934
0.011737089201877934
0.011737089201877934
0.01056338028169014
0.01056338028169014
0.01056338028169014
0.01056338028169014
0.01056338028169014
0.01056338028169014
0.01056338028169014
0.01056338028169014
0.01056338028169014
0.01056338028169014
0.01056338028169014
0.01056338028169014
0.01056338028169014
0.01056338028169014
0.01056338028169014
0.01056338028169014
0.01056338028169014
0.01056338028169014
0.01056338028169014
0.01056338028169014
0.01056338028169014
0.01056338028169014
0.01056338028169014
0.01056338028169014
0.01056338028169014
0.01056338028169014
0.01056338028169014
0.009389671361502348
0.009389671361502348
0.009389671361502348
0.009389671361502348
0.009389671361502348
0.009389671361502348
0.009389671361502348
0.009389671361502348
0.009389671361502348
0.009389671361502348
0.009389671361502348
0.009389671361502348
0.009389671361502348
0.009389671361502348
0.009389671361502348
0.009389671361502348
0.009389671361502348
0.009389671361502348
0.009389671361502348
0.009389671361502348
0.009389671361502348
0.009389671361502348
0.009389671361502348
0.009389671361502348
0.009389671361502348
0.009389671361502348
0.009389671361502348
0.009389671361502348
0.009389671361502348
0.009389671361502348
0.009389671361502348
0.009389671361502348
0.009389671361502348
0.008215962441314555
0.008215962441314555
0.008215962441314555
0.008215962441314555
0.008215962441314555
0.008215962441314555
0.008215962441314555
0.008215962441314555
0.008215962441314555
0.008215962441314555
0.008215962441314555
0.008215962441314555
0.008215962441314555
0.008215962441314555
0.008215962441314555
0.008215962441314555
0.008215962441314555
0.008215962441314555
0.008215962441314555
0.008215962441314555
0.008215962441314555
0.008215962441314555
0.008215962441314555
0.008215962441314555
0.008215962441314555
0.008215962441314555
0.008215962441314555
0.008215962441314555
0.008215962441314555
0.007042253521126761
0.007042253521126761
0.007042253521126761
0.007042253521126761
0.007042253521126761
0.007042253521126761
0.007042253521126761
0.007042253521126761
0.007042253521126761
0.007042253521126761
0.007042253521126761
0.007042253521126761
0.007042253521126761
0.007042253521126761
0.007042253521126761
0.007042253521126761
0.007042253521126761
0.007042253521126761
0.007042253521126761
0.007042253521126761
0.007042253521126761
0.007042253521126761
0.007042253521126761
0.007042253521126761
0.007042253521126761
0.007042253521126761
0.007042253521126761
0.007042253521126761
0.007042253521126761
0.007042253521126761
0.007042253521126761
0.007042253521126761
0.007042253521126761
0.007042253521126761
0.007042253521126761
0.007042253521126761
0.007042253521126761
0.007042253521126761
0.007042253521126761
0.007042253521126761
0.007042253521126761
0.005868544600938967
0.005868544600938967
0.005868544600938967
0.004694835680751174
0.002347417840375587
0.0011737089201877935
