150.0
124.0
123.0
122.0
120.0
118.0
118.0
117.0
107.0
107.0
107.0
107.0
105.0
101.0
101.0
98.0
94.0
94.0
93.0
93.0
92.0
92.0
91.0
89.0
87.0
86.0
85.0
80.0
75.0
74.0
70.0
70.0
69.0
69.0
68.0
67.0
65.0
60.0
58.0
58.0
57.0
55.0
55.0
54.0
54.0
54.0
53.0
53.0
52.0
52.0
52.0
51.0
51.0
50.0
49.0
49.0
49.0
49.0
49.0
49.0
48.0
48.0
48.0
48.0
48.0
48.0
47.0
47.0
46.0
46.0
45.0
44.0
44.0
44.0
44.0
44.0
43.0
43.0
42.0
41.0
41.0
41.0
41.0
40.0
39.0
39.0
39.0
39.0
39.0
39.0
39.0
39.0
39.0
39.0
39.0
39.0
39.0
39.0
39.0
39.0
39.0
39.0
39.0
39.0
39.0
39.0
39.0
39.0
37.0
37.0
36.0
36.0
35.0
35.0
34.0
34.0
33.0
33.0
33.0
32.0
32.0
32.0
32.0
32.0
32.0
31.0
31.0
31.0
31.0
30.0
30.0
29.0
29.0
29.0
29.0
29.0
28.0
28.0
28.0
28.0
28.0
27.0
27.0
26.0
26.0
26.0
24.0
23.0
23.0
21.0
20.0
16.0
15.0
11.0
10.0
9.0
9.0
8.0
6.0
5.0
