0.09310344827586207
0.08735632183908046
0.08620689655172414
0.0839080459770115
0.08275862068965517
0.08045977011494253
0.07931034482758621
0.07931034482758621
0.07931034482758621
0.07816091954022988
0.07816091954022988
0.07816091954022988
0.07586206896551724
0.07586206896551724
0.07471264367816093
0.0735632183908046
0.07241379310344828
0.07241379310344828
0.07011494252873564
0.07011494252873564
0.07011494252873564
0.06896551724137931
0.067816091954023
0.067816091954023
0.06666666666666667
0.06551724137931035
0.06436781609195402
0.06321839080459771
0.06321839080459771
0.06321839080459771
0.06206896551724138
0.06206896551724138
0.05632183908045977
0.05632183908045977
0.05517241379310345
0.05517241379310345
0.05517241379310345
0.054022988505747126
0.054022988505747126
0.054022988505747126
0.04942528735632184
0.04942528735632184
0.04942528735632184
0.04942528735632184
0.04942528735632184
0.04942528735632184
0.04827586206896552
0.04827586206896552
0.04597701149425287
0.04597701149425287
0.04597701149425287
0.04597701149425287
0.04597701149425287
0.04597701149425287
0.04597701149425287
0.04482758620689655
0.04252873563218391
0.04252873563218391
0.040229885057471264
0.040229885057471264
0.040229885057471264
0.040229885057471264
0.03793103448275862
0.03793103448275862
0.03793103448275862
0.0367816091954023
0.0367816091954023
0.035632183908045977
0.03333333333333333
0.03333333333333333
0.03103448275862069
0.03103448275862069
0.03103448275862069
0.029885057471264367
0.029885057471264367
0.029885057471264367
0.029885057471264367
0.029885057471264367
0.029885057471264367
0.029885057471264367
0.029885057471264367
0.026436781609195402
