0.107981220657277
0.107981220657277
0.1068075117370892
0.1056338028169014
0.10446009389671361
0.10446009389671361
0.10328638497652583
0.10211267605633803
0.10093896713615023
0.10093896713615023
0.09976525821596244
0.09976525821596244
0.09507042253521127
0.09272300469483569
0.09154929577464789
0.0903755868544601
0.0903755868544601
0.0903755868544601
0.0892018779342723
0.0892018779342723
0.0880281690140845
0.0880281690140845
0.08685446009389672
0.08685446009389672
0.08450704225352113
0.08450704225352113
0.08450704225352113
0.08215962441314555
0.07981220657276995
0.07863849765258216
0.07746478873239436
0.07746478873239436
0.07746478873239436
0.07629107981220658
0.07629107981220658
0.07629107981220658
0.07394366197183098
0.07394366197183098
0.07276995305164319
0.0715962441314554
0.0715962441314554
0.06924882629107981
0.06924882629107981
0.06807511737089202
0.06690140845070422
0.06690140845070422
0.06572769953051644
0.06572769953051644
0.062206572769953054
0.062206572769953054
0.062206572769953054
0.06103286384976526
0.05868544600938967
0.057511737089201875
0.05516431924882629
0.05516431924882629
0.05516431924882629
0.05516431924882629
0.0539906103286385
0.0539906103286385
0.0528169014084507
0.0528169014084507
0.0528169014084507
0.0528169014084507
0.051643192488262914
0.05046948356807512
0.04929577464788732
0.04929577464788732
0.04929577464788732
0.04929577464788732
0.04929577464788732
0.04812206572769953
0.04812206572769953
0.046948356807511735
0.046948356807511735
0.046948356807511735
0.046948356807511735
0.045774647887323945
0.045774647887323945
0.04460093896713615
0.04460093896713615
0.04460093896713615
0.03990610328638498
0.03873239436619718
0.03873239436619718
0.03873239436619718
0.036384976525821594
0.03403755868544601
0.03169014084507042
0.03051643192488263
0.029342723004694836
0.018779342723004695
0.015258215962441314
