0.14463840399002495
0.1396508728179551
0.13840399002493767
0.1371571072319202
0.1371571072319202
0.13341645885286782
0.12967581047381546
0.11221945137157108
0.10723192019950124
0.10224438902743142
0.09850374064837905
0.0885286783042394
0.0885286783042394
0.08728179551122195
0.08728179551122195
0.08603491271820449
0.08603491271820449
0.08478802992518704
0.08478802992518704
0.08478802992518704
0.08229426433915212
0.08229426433915212
0.08104738154613467
0.07855361596009976
0.07605985037406483
0.07605985037406483
0.07605985037406483
0.07481296758104738
0.07481296758104738
0.07481296758104738
0.07481296758104738
0.07481296758104738
0.07231920199501247
0.07231920199501247
0.07231920199501247
0.07231920199501247
0.07231920199501247
0.07231920199501247
0.07231920199501247
0.07231920199501247
0.07231920199501247
0.07231920199501247
0.07231920199501247
0.07231920199501247
0.07231920199501247
0.07231920199501247
0.07231920199501247
0.07231920199501247
0.07231920199501247
0.07231920199501247
0.07231920199501247
0.07231920199501247
0.07231920199501247
0.07231920199501247
0.07231920199501247
0.07231920199501247
0.07231920199501247
0.07231920199501247
0.07231920199501247
0.07231920199501247
0.07231920199501247
0.07231920199501247
0.07231920199501247
0.07231920199501247
0.07231920199501247
0.07231920199501247
0.07231920199501247
0.07231920199501247
0.07231920199501247
0.07231920199501247
0.07231920199501247
0.07231920199501247
0.07231920199501247
0.07231920199501247
0.07231920199501247
0.06982543640897755
0.06982543640897755
0.0685785536159601
0.06608478802992519
0.06483790523690773
0.06483790523690773
0.06234413965087282
0.06234413965087282
0.06109725685785536
0.059850374064837904
0.059850374064837904
0.059850374064837904
0.05860349127182045
0.057356608478802994
0.057356608478802994
0.05610972568578554
0.05361596009975062
0.05361596009975062
0.05361596009975062
0.05361596009975062
0.05361596009975062
0.05361596009975062
0.05361596009975062
0.04987531172069826
0.04987531172069826
0.04987531172069826
0.048628428927680795
0.04738154613466334
0.04738154613466334
0.046134663341645885
0.043640897755610975
0.04239401496259352
0.04239401496259352
0.04239401496259352
0.04114713216957606
0.0399002493765586
0.03865336658354115
0.03865336658354115
0.03740648379052369
0.03366583541147132
0.022443890274314215
0.02119700748129676
