0.21571072319201995
0.17581047381546136
0.1633416458852868
0.1596009975062344
0.15835411471321695
0.15586034912718205
0.15336658354114713
0.14463840399002495
0.13092269326683292
0.128428927680798
0.128428927680798
0.1259351620947631
0.1259351620947631
0.12468827930174564
0.12468827930174564
0.12468827930174564
0.12344139650872818
0.12094763092269327
0.11845386533665836
0.11346633416458853
0.11346633416458853
0.10972568578553615
0.10972568578553615
0.1084788029925187
0.1059850374064838
0.10349127182044887
0.10349127182044887
0.10099750623441396
0.10099750623441396
0.09975062344139651
0.09476309226932668
0.09226932668329177
0.09102244389027432
0.09102244389027432
0.0885286783042394
0.0885286783042394
0.08478802992518704
0.08354114713216958
0.08229426433915212
0.08104738154613467
0.08104738154613467
0.07855361596009976
0.07855361596009976
0.07855361596009976
0.0773067331670823
0.07605985037406483
0.07605985037406483
0.07481296758104738
0.07481296758104738
0.07231920199501247
0.07231920199501247
0.07231920199501247
0.07231920199501247
0.07231920199501247
0.07231920199501247
0.07231920199501247
0.07231920199501247
0.07231920199501247
0.07231920199501247
0.07231920199501247
0.07231920199501247
0.07231920199501247
0.07231920199501247
0.07231920199501247
0.07231920199501247
0.07231920199501247
0.07231920199501247
0.07231920199501247
0.07231920199501247
0.07231920199501247
0.07231920199501247
0.07231920199501247
0.07231920199501247
0.07231920199501247
0.07231920199501247
0.07231920199501247
0.07231920199501247
0.07231920199501247
0.07231920199501247
0.07231920199501247
0.07231920199501247
0.07231920199501247
0.07231920199501247
0.07231920199501247
0.07231920199501247
0.07231920199501247
0.07231920199501247
0.07231920199501247
0.07231920199501247
0.07231920199501247
0.07231920199501247
0.07231920199501247
0.06982543640897755
0.0685785536159601
0.0685785536159601
0.06483790523690773
0.06483790523690773
0.06359102244389027
0.06359102244389027
0.06359102244389027
0.06109725685785536
0.05860349127182045
0.05860349127182045
0.05860349127182045
0.05486284289276808
0.05486284289276808
0.05361596009975062
0.05236907730673317
0.05236907730673317
0.05236907730673317
0.05112219451371571
0.05112219451371571
0.05112219451371571
0.05112219451371571
0.04987531172069826
0.04987531172069826
0.048628428927680795
0.048628428927680795
0.048628428927680795
0.048628428927680795
0.048628428927680795
0.048628428927680795
0.048628428927680795
0.048628428927680795
0.048628428927680795
0.048628428927680795
0.048628428927680795
0.048628428927680795
0.048628428927680795
0.048628428927680795
0.048628428927680795
0.048628428927680795
0.048628428927680795
0.048628428927680795
0.048628428927680795
0.048628428927680795
0.048628428927680795
0.048628428927680795
0.048628428927680795
0.048628428927680795
0.048628428927680795
0.048628428927680795
0.048628428927680795
0.04738154613466334
0.046134663341645885
0.046134663341645885
0.046134663341645885
0.046134663341645885
0.046134663341645885
0.04488778054862843
0.043640897755610975
0.043640897755610975
0.043640897755610975
0.04239401496259352
0.04239401496259352
0.04114713216957606
0.0399002493765586
0.0399002493765586
0.0399002493765586
0.0399002493765586
0.03865336658354115
0.03865336658354115
0.03865336658354115
0.03865336658354115
0.03740648379052369
0.03740648379052369
0.03615960099750624
0.03615960099750624
0.03615960099750624
0.034912718204488775
0.034912718204488775
0.03366583541147132
0.032418952618453865
0.029925187032418952
