0.385286783042394
0.3054862842892768
0.3029925187032419
0.300498753117207
0.23940149625935161
0.23192019950124687
0.23192019950124687
0.2144638403990025
0.21321695760598502
0.2119700748129676
0.20947630922693267
0.20074812967581046
0.20074812967581046
0.19576059850374064
0.18703241895261846
0.17830423940149626
0.16832917705735662
0.16832917705735662
0.1658354114713217
0.16458852867830423
0.1571072319201995
0.15586034912718205
0.15087281795511223
0.14962593516209477
0.14713216957605985
0.14463840399002495
0.13466334164588528
0.13341645885286782
0.12468827930174564
0.12219451371571072
0.12094763092269327
0.11845386533665836
0.11346633416458853
0.11221945137157108
0.11097256857855362
0.10972568578553615
0.10972568578553615
0.10473815461346633
0.10473815461346633
0.10349127182044887
0.09975062344139651
0.09850374064837905
0.09850374064837905
0.09725685785536159
0.09725685785536159
0.09600997506234414
0.09600997506234414
0.09351620947630923
0.09102244389027432
0.08478802992518704
0.08229426433915212
0.0798004987531172
0.0798004987531172
0.07855361596009976
0.07855361596009976
0.0773067331670823
0.07605985037406483
0.07605985037406483
0.07481296758104738
0.07481296758104738
0.07356608478802992
0.07356608478802992
0.07231920199501247
0.07231920199501247
0.07231920199501247
0.07231920199501247
0.07231920199501247
0.07231920199501247
0.07231920199501247
0.07231920199501247
0.07231920199501247
0.07231920199501247
0.07231920199501247
0.07231920199501247
0.07231920199501247
0.07231920199501247
0.07231920199501247
0.07231920199501247
0.07231920199501247
0.07231920199501247
0.07231920199501247
0.07231920199501247
0.07231920199501247
0.07231920199501247
0.07231920199501247
0.07231920199501247
0.07231920199501247
0.07231920199501247
0.07231920199501247
0.07231920199501247
0.07231920199501247
0.07231920199501247
0.07231920199501247
0.07231920199501247
0.07231920199501247
0.07231920199501247
0.07231920199501247
0.07231920199501247
0.07231920199501247
0.07231920199501247
0.07231920199501247
0.07231920199501247
0.07231920199501247
0.07107231920199501
0.0685785536159601
0.0685785536159601
0.06733167082294264
0.06608478802992519
0.06483790523690773
0.06483790523690773
0.06483790523690773
0.06359102244389027
0.06359102244389027
0.06234413965087282
0.06234413965087282
0.06234413965087282
0.059850374064837904
0.05860349127182045
0.05860349127182045
0.057356608478802994
0.057356608478802994
0.057356608478802994
0.057356608478802994
0.05486284289276808
0.05486284289276808
0.05361596009975062
0.05361596009975062
0.05361596009975062
0.05361596009975062
0.05361596009975062
0.05361596009975062
0.05361596009975062
0.05112219451371571
0.05112219451371571
0.04987531172069826
0.04987531172069826
0.048628428927680795
0.048628428927680795
0.048628428927680795
0.048628428927680795
0.048628428927680795
0.048628428927680795
0.048628428927680795
0.048628428927680795
0.048628428927680795
0.048628428927680795
0.048628428927680795
0.048628428927680795
0.048628428927680795
0.048628428927680795
0.048628428927680795
0.048628428927680795
0.048628428927680795
0.048628428927680795
0.048628428927680795
0.048628428927680795
0.048628428927680795
0.048628428927680795
0.048628428927680795
0.048628428927680795
0.048628428927680795
0.04738154613466334
0.046134663341645885
0.046134663341645885
0.046134663341645885
0.046134663341645885
0.04488778054862843
0.04488778054862843
0.04488778054862843
0.043640897755610975
0.043640897755610975
0.043640897755610975
0.04239401496259352
0.04114713216957606
0.04114713216957606
0.04114713216957606
0.04114713216957606
0.04114713216957606
0.04114713216957606
0.0399002493765586
0.0399002493765586
0.0399002493765586
0.0399002493765586
0.03865336658354115
0.03865336658354115
0.03865336658354115
0.03865336658354115
0.03865336658354115
0.03740648379052369
0.03740648379052369
0.03740648379052369
0.03740648379052369
0.03740648379052369
0.03740648379052369
0.034912718204488775
0.034912718204488775
0.034912718204488775
0.034912718204488775
0.03366583541147132
0.03366583541147132
0.03366583541147132
0.03366583541147132
0.03366583541147132
0.032418952618453865
0.032418952618453865
0.032418952618453865
0.032418952618453865
0.03117206982543641
0.03117206982543641
0.03117206982543641
0.029925187032418952
0.029925187032418952
0.029925187032418952
0.029925187032418952
0.028678304239401497
0.028678304239401497
0.028678304239401497
0.028678304239401497
0.028678304239401497
0.028678304239401497
0.028678304239401497
0.028678304239401497
0.028678304239401497
0.028678304239401497
0.028678304239401497
0.028678304239401497
0.028678304239401497
0.02743142144638404
0.02743142144638404
0.026184538653366583
0.026184538653366583
0.026184538653366583
0.026184538653366583
0.02493765586034913
0.02493765586034913
0.02493765586034913
0.02493765586034913
0.02493765586034913
0.02493765586034913
0.02493765586034913
0.02493765586034913
0.02493765586034913
0.02493765586034913
0.02493765586034913
0.02493765586034913
0.02369077306733167
0.02369077306733167
0.02369077306733167
0.02369077306733167
0.02369077306733167
0.02369077306733167
0.022443890274314215
0.022443890274314215
0.022443890274314215
0.022443890274314215
0.022443890274314215
0.022443890274314215
0.022443890274314215
0.022443890274314215
0.022443890274314215
0.022443890274314215
0.022443890274314215
0.02119700748129676
0.02119700748129676
0.02119700748129676
0.02119700748129676
0.02119700748129676
0.02119700748129676
0.02119700748129676
0.02119700748129676
0.02119700748129676
0.02119700748129676
0.02119700748129676
0.02119700748129676
0.02119700748129676
0.02119700748129676
0.02119700748129676
0.02119700748129676
0.02119700748129676
0.02119700748129676
0.0199501246882793
0.0199501246882793
0.0199501246882793
0.0199501246882793
0.0199501246882793
0.0199501246882793
0.0199501246882793
0.0199501246882793
0.0199501246882793
0.0199501246882793
0.018703241895261846
0.018703241895261846
0.018703241895261846
0.018703241895261846
0.018703241895261846
0.018703241895261846
0.018703241895261846
0.018703241895261846
0.018703241895261846
0.018703241895261846
0.018703241895261846
0.017456359102244388
0.017456359102244388
0.017456359102244388
0.017456359102244388
0.017456359102244388
0.017456359102244388
0.017456359102244388
0.017456359102244388
0.017456359102244388
0.017456359102244388
0.017456359102244388
0.017456359102244388
0.017456359102244388
0.017456359102244388
0.017456359102244388
0.017456359102244388
0.017456359102244388
0.017456359102244388
0.017456359102244388
0.017456359102244388
0.017456359102244388
0.017456359102244388
0.017456359102244388
0.017456359102244388
0.017456359102244388
0.017456359102244388
0.016209476309226933
0.016209476309226933
0.016209476309226933
0.016209476309226933
0.016209476309226933
0.016209476309226933
0.016209476309226933
0.016209476309226933
0.014962593516209476
0.014962593516209476
0.014962593516209476
0.014962593516209476
0.014962593516209476
0.014962593516209476
0.014962593516209476
0.014962593516209476
0.014962593516209476
0.014962593516209476
0.014962593516209476
0.014962593516209476
0.014962593516209476
0.014962593516209476
0.014962593516209476
0.01371571072319202
0.01371571072319202
0.01371571072319202
0.01371571072319202
0.01371571072319202
0.01371571072319202
0.01371571072319202
0.01371571072319202
0.01371571072319202
0.01371571072319202
0.01371571072319202
0.01371571072319202
0.01371571072319202
0.01371571072319202
0.01371571072319202
0.01371571072319202
0.01371571072319202
0.01371571072319202
0.01371571072319202
0.012468827930174564
0.012468827930174564
0.011221945137157107
0.011221945137157107
0.00997506234413965
0.00997506234413965
0.00997506234413965
0.00997506234413965
0.008728179551122194
0.008728179551122194
0.008728179551122194
0.008728179551122194
0.007481296758104738
0.007481296758104738
0.006234413965087282
