0.1206896551724138
0.10459770114942529
0.10459770114942529
0.10344827586206896
0.10344827586206896
0.10344827586206896
0.10344827586206896
0.10229885057471265
0.09885057471264368
0.09885057471264368
0.09885057471264368
0.09885057471264368
0.09425287356321839
0.09425287356321839
0.09425287356321839
0.09425287356321839
0.09080459770114943
0.0896551724137931
0.08850574712643679
0.08735632183908046
0.08620689655172414
0.08620689655172414
0.08620689655172414
0.08505747126436781
0.08275862068965517
0.07931034482758621
0.07586206896551724
0.0735632183908046
0.0735632183908046
0.07241379310344828
0.07241379310344828
0.07126436781609195
0.07126436781609195
0.07011494252873564
0.07011494252873564
0.06551724137931035
0.059770114942528735
0.05862068965517241
0.05747126436781609
0.05747126436781609
0.05632183908045977
0.05517241379310345
0.05517241379310345
0.054022988505747126
0.054022988505747126
0.054022988505747126
0.052873563218390804
0.052873563218390804
0.05172413793103448
0.05172413793103448
0.05172413793103448
0.05172413793103448
0.05172413793103448
0.04942528735632184
0.04827586206896552
0.04827586206896552
0.047126436781609195
0.047126436781609195
0.047126436781609195
0.047126436781609195
0.04597701149425287
0.04597701149425287
0.04597701149425287
0.04597701149425287
0.04597701149425287
0.04597701149425287
0.04482758620689655
0.04367816091954023
0.04252873563218391
0.04252873563218391
0.04252873563218391
0.041379310344827586
0.041379310344827586
0.040229885057471264
0.040229885057471264
0.03908045977011494
0.03908045977011494
0.03908045977011494
0.03908045977011494
0.03908045977011494
0.03908045977011494
0.03908045977011494
0.0367816091954023
0.035632183908045977
0.035632183908045977
0.034482758620689655
0.034482758620689655
0.034482758620689655
0.034482758620689655
0.034482758620689655
0.03333333333333333
0.03333333333333333
0.03333333333333333
0.03333333333333333
0.03333333333333333
0.03333333333333333
0.03333333333333333
0.03218390804597701
0.03218390804597701
0.03218390804597701
0.03103448275862069
0.029885057471264367
0.028735632183908046
0.027586206896551724
0.026436781609195402
0.026436781609195402
0.01954022988505747
