0.27582159624413144
0.2511737089201878
0.2347417840375587
0.22769953051643194
0.215962441314554
0.20774647887323944
0.2007042253521127
0.19131455399061034
0.18192488262910797
0.1807511737089202
0.17488262910798122
0.16784037558685447
0.16549295774647887
0.15140845070422534
0.15140845070422534
0.14788732394366197
0.1467136150234742
0.14553990610328638
0.14084507042253522
0.13849765258215962
0.13849765258215962
0.13615023474178403
0.13380281690140844
0.13145539906103287
0.12910798122065728
0.12910798122065728
0.12793427230046947
0.12793427230046947
0.12441314553990611
0.12089201877934272
0.11971830985915492
0.11619718309859155
0.11384976525821597
0.11032863849765258
0.11032863849765258
0.11032863849765258
0.107981220657277
0.107981220657277
0.1068075117370892
0.1056338028169014
0.1056338028169014
0.1056338028169014
0.1056338028169014
0.10093896713615023
0.09624413145539906
0.09507042253521127
0.09272300469483569
0.0880281690140845
0.08685446009389672
0.08215962441314555
0.08098591549295775
0.08098591549295775
0.08098591549295775
0.08098591549295775
0.07981220657276995
0.07863849765258216
0.07394366197183098
0.07394366197183098
0.07276995305164319
0.07042253521126761
0.07042253521126761
0.07042253521126761
0.06924882629107981
0.06924882629107981
0.06924882629107981
0.06807511737089202
0.06690140845070422
0.06572769953051644
0.06572769953051644
0.06572769953051644
0.06455399061032864
0.06338028169014084
0.062206572769953054
0.062206572769953054
0.05985915492957746
0.057511737089201875
0.056338028169014086
0.056338028169014086
0.056338028169014086
0.056338028169014086
0.056338028169014086
0.056338028169014086
0.056338028169014086
0.05516431924882629
0.0528169014084507
0.0528169014084507
0.051643192488262914
0.051643192488262914
0.05046948356807512
0.04929577464788732
0.04929577464788732
0.04929577464788732
0.04929577464788732
0.04929577464788732
0.04929577464788732
0.04929577464788732
0.04812206572769953
0.04812206572769953
0.04812206572769953
0.04812206572769953
0.04812206572769953
0.046948356807511735
0.046948356807511735
0.046948356807511735
0.045774647887323945
0.045774647887323945
0.04460093896713615
0.04342723004694836
0.04342723004694836
0.04342723004694836
0.04342723004694836
0.04342723004694836
0.04342723004694836
0.04225352112676056
0.04225352112676056
0.04107981220657277
0.04107981220657277
0.03990610328638498
0.03990610328638498
0.03990610328638498
0.03873239436619718
0.03873239436619718
0.03873239436619718
0.03873239436619718
0.03755868544600939
0.03755868544600939
0.03755868544600939
0.036384976525821594
0.036384976525821594
0.036384976525821594
0.036384976525821594
0.036384976525821594
0.036384976525821594
0.036384976525821594
0.036384976525821594
0.036384976525821594
0.036384976525821594
0.036384976525821594
0.035211267605633804
0.035211267605633804
0.035211267605633804
0.035211267605633804
0.035211267605633804
0.035211267605633804
0.035211267605633804
0.035211267605633804
0.03403755868544601
0.03403755868544601
0.03403755868544601
0.03403755868544601
0.03403755868544601
0.03403755868544601
0.03403755868544601
0.03403755868544601
0.03403755868544601
0.03403755868544601
0.03403755868544601
0.03403755868544601
0.03403755868544601
0.03403755868544601
0.03403755868544601
0.03403755868544601
0.03403755868544601
0.03403755868544601
0.03403755868544601
0.03403755868544601
0.03403755868544601
0.03403755868544601
0.03403755868544601
0.03403755868544601
0.03403755868544601
0.03403755868544601
0.03403755868544601
0.03403755868544601
0.03403755868544601
0.03403755868544601
0.03403755868544601
0.03403755868544601
0.03403755868544601
0.03403755868544601
0.03403755868544601
0.03403755868544601
0.03403755868544601
0.03286384976525822
0.03286384976525822
0.03286384976525822
0.03286384976525822
0.03286384976525822
0.03286384976525822
0.03286384976525822
0.03286384976525822
0.03286384976525822
0.03286384976525822
0.03286384976525822
0.03286384976525822
0.03286384976525822
0.03286384976525822
0.03286384976525822
0.03286384976525822
0.03286384976525822
0.03286384976525822
0.03286384976525822
0.03286384976525822
0.03286384976525822
0.03286384976525822
0.03169014084507042
0.03169014084507042
0.03169014084507042
0.03169014084507042
0.03169014084507042
0.03169014084507042
0.03169014084507042
0.03169014084507042
0.03169014084507042
0.03169014084507042
0.03169014084507042
0.03051643192488263
0.03051643192488263
0.03051643192488263
0.029342723004694836
0.029342723004694836
0.028169014084507043
0.028169014084507043
0.028169014084507043
0.028169014084507043
0.028169014084507043
0.028169014084507043
0.028169014084507043
0.02699530516431925
0.02699530516431925
0.02699530516431925
0.02699530516431925
0.02699530516431925
0.025821596244131457
0.025821596244131457
0.025821596244131457
0.025821596244131457
0.02464788732394366
0.02464788732394366
0.02464788732394366
0.02464788732394366
0.02464788732394366
0.02464788732394366
0.02464788732394366
0.02464788732394366
0.02464788732394366
0.02464788732394366
0.02464788732394366
0.02464788732394366
0.02464788732394366
0.02464788732394366
0.02464788732394366
0.02464788732394366
0.02464788732394366
0.023474178403755867
0.023474178403755867
0.022300469483568074
0.022300469483568074
0.022300469483568074
0.02112676056338028
0.02112676056338028
0.02112676056338028
0.02112676056338028
0.02112676056338028
0.01995305164319249
0.01995305164319249
0.01995305164319249
0.01995305164319249
0.018779342723004695
0.018779342723004695
0.018779342723004695
0.018779342723004695
0.018779342723004695
0.018779342723004695
0.018779342723004695
0.018779342723004695
0.018779342723004695
0.018779342723004695
0.018779342723004695
0.018779342723004695
0.018779342723004695
0.018779342723004695
0.017605633802816902
0.017605633802816902
0.017605633802816902
0.01643192488262911
0.01643192488262911
0.015258215962441314
0.015258215962441314
0.015258215962441314
0.015258215962441314
0.014084507042253521
0.014084507042253521
0.014084507042253521
0.012910798122065728
0.012910798122065728
0.007042253521126761
0.005868544600938967
0.004694835680751174
0.004694835680751174
0.0035211267605633804
