0.2955112219451372
0.24189526184538654
0.20947630922693267
0.20698254364089774
0.19576059850374064
0.19576059850374064
0.19077306733167082
0.18952618453865336
0.1882793017456359
0.18703241895261846
0.18703241895261846
0.17206982543640897
0.16832917705735662
0.16209476309226933
0.1546134663341646
0.14962593516209477
0.14713216957605985
0.14588528678304238
0.1433915211970075
0.14214463840399003
0.14089775561097256
0.1396508728179551
0.13840399002493767
0.13466334164588528
0.13216957605985039
0.13092269326683292
0.12967581047381546
0.11845386533665836
0.1172069825436409
0.10972568578553615
0.10349127182044887
0.10349127182044887
0.10349127182044887
0.10349127182044887
0.10099750623441396
0.09725685785536159
0.09725685785536159
0.09600997506234414
0.09476309226932668
0.09351620947630923
0.09351620947630923
0.09351620947630923
0.09226932668329177
0.09102244389027432
0.08977556109725686
0.08977556109725686
0.0885286783042394
0.08478802992518704
0.0798004987531172
0.0773067331670823
0.0773067331670823
0.0773067331670823
0.07605985037406483
0.07481296758104738
0.07481296758104738
0.07356608478802992
0.07356608478802992
0.07356608478802992
0.07231920199501247
0.07231920199501247
0.07231920199501247
0.07231920199501247
0.07231920199501247
0.07231920199501247
0.07231920199501247
0.07231920199501247
0.07231920199501247
0.07231920199501247
0.07231920199501247
0.07231920199501247
0.07231920199501247
0.07231920199501247
0.07231920199501247
0.07231920199501247
0.07231920199501247
0.07231920199501247
0.07231920199501247
0.07231920199501247
0.07231920199501247
0.07231920199501247
0.07231920199501247
0.07231920199501247
0.07231920199501247
0.07231920199501247
0.07231920199501247
0.07231920199501247
0.07231920199501247
0.07231920199501247
0.07231920199501247
0.07231920199501247
0.07231920199501247
0.07231920199501247
0.07231920199501247
0.07231920199501247
0.07231920199501247
0.07231920199501247
0.07231920199501247
0.07231920199501247
0.07231920199501247
0.07107231920199501
0.06982543640897755
0.06608478802992519
0.06483790523690773
0.06359102244389027
0.06359102244389027
0.06234413965087282
0.06234413965087282
0.06234413965087282
0.06109725685785536
0.06109725685785536
0.059850374064837904
0.059850374064837904
0.05860349127182045
0.057356608478802994
0.05610972568578554
0.05610972568578554
0.05486284289276808
0.05486284289276808
0.05361596009975062
0.05361596009975062
0.05361596009975062
0.05361596009975062
0.05236907730673317
0.05236907730673317
0.05236907730673317
0.05112219451371571
0.05112219451371571
0.05112219451371571
0.05112219451371571
0.04987531172069826
0.04987531172069826
0.04987531172069826
0.04987531172069826
0.048628428927680795
0.048628428927680795
0.048628428927680795
0.048628428927680795
0.048628428927680795
0.048628428927680795
0.048628428927680795
0.048628428927680795
0.048628428927680795
0.048628428927680795
0.048628428927680795
0.048628428927680795
0.048628428927680795
0.048628428927680795
0.048628428927680795
0.048628428927680795
0.048628428927680795
0.048628428927680795
0.048628428927680795
0.048628428927680795
0.048628428927680795
0.048628428927680795
0.048628428927680795
0.048628428927680795
0.048628428927680795
0.046134663341645885
0.046134663341645885
0.04488778054862843
0.04488778054862843
0.043640897755610975
0.043640897755610975
0.043640897755610975
0.043640897755610975
0.043640897755610975
0.043640897755610975
0.04239401496259352
0.04114713216957606
0.04114713216957606
0.04114713216957606
0.0399002493765586
0.0399002493765586
0.0399002493765586
0.03865336658354115
0.03865336658354115
0.03865336658354115
0.03865336658354115
0.03865336658354115
0.03865336658354115
0.03865336658354115
0.03740648379052369
0.03740648379052369
0.03740648379052369
0.03615960099750624
0.034912718204488775
0.034912718204488775
0.034912718204488775
0.034912718204488775
0.03366583541147132
0.03366583541147132
0.03366583541147132
0.03366583541147132
0.032418952618453865
0.032418952618453865
0.032418952618453865
0.03117206982543641
0.03117206982543641
0.03117206982543641
0.03117206982543641
0.03117206982543641
0.03117206982543641
0.029925187032418952
0.029925187032418952
0.028678304239401497
0.028678304239401497
0.028678304239401497
0.028678304239401497
0.028678304239401497
0.028678304239401497
0.028678304239401497
0.028678304239401497
0.028678304239401497
0.028678304239401497
0.028678304239401497
0.028678304239401497
0.028678304239401497
0.028678304239401497
0.028678304239401497
0.028678304239401497
0.028678304239401497
0.02743142144638404
0.026184538653366583
0.02493765586034913
0.02493765586034913
0.02369077306733167
0.02369077306733167
0.022443890274314215
0.02119700748129676
0.02119700748129676
0.02119700748129676
0.02119700748129676
0.0199501246882793
0.018703241895261846
0.018703241895261846
0.016209476309226933
0.014962593516209476
0.01371571072319202
0.012468827930174564
0.012468827930174564
0.007481296758104738
0.006234413965087282
0.006234413965087282
0.003740648379052369
0.003740648379052369
