0.3448275862068966
0.3310344827586207
0.32988505747126434
0.31839080459770114
0.2827586206896552
0.20114942528735633
0.19540229885057472
0.19540229885057472
0.19540229885057472
0.18620689655172415
0.18160919540229886
0.1781609195402299
0.17011494252873563
0.16896551724137931
0.16666666666666666
0.1632183908045977
0.1632183908045977
0.15517241379310345
0.1528735632183908
0.1482758620689655
0.14482758620689656
0.1413793103448276
0.13908045977011493
0.13793103448275862
0.135632183908046
0.13218390804597702
0.11954022988505747
0.11609195402298851
0.11264367816091954
0.1103448275862069
0.10804597701149425
0.10459770114942529
0.10229885057471265
0.1
0.09885057471264368
0.09770114942528736
0.09540229885057472
0.08620689655172414
0.08620689655172414
0.08505747126436781
0.08275862068965517
0.08160919540229886
0.07701149425287357
0.07701149425287357
0.07701149425287357
0.07701149425287357
0.07701149425287357
0.07586206896551724
0.07471264367816093
0.0735632183908046
0.0735632183908046
0.0735632183908046
0.07241379310344828
0.07241379310344828
0.07241379310344828
0.07126436781609195
0.06896551724137931
0.067816091954023
0.067816091954023
0.06666666666666667
0.06666666666666667
0.06551724137931035
0.06551724137931035
0.06551724137931035
0.06551724137931035
0.06436781609195402
0.06436781609195402
0.06436781609195402
0.06321839080459771
0.06206896551724138
0.06091954022988506
0.06091954022988506
0.06091954022988506
0.059770114942528735
0.059770114942528735
0.059770114942528735
0.059770114942528735
0.059770114942528735
0.05862068965517241
0.05632183908045977
0.05632183908045977
0.05632183908045977
0.05632183908045977
0.05632183908045977
0.05517241379310345
0.05517241379310345
0.054022988505747126
0.052873563218390804
0.052873563218390804
0.052873563218390804
0.05172413793103448
0.05172413793103448
0.05057471264367816
0.04827586206896552
0.047126436781609195
0.047126436781609195
0.047126436781609195
0.047126436781609195
0.047126436781609195
0.047126436781609195
0.047126436781609195
0.047126436781609195
0.047126436781609195
0.04597701149425287
0.04597701149425287
0.04482758620689655
0.04482758620689655
0.04482758620689655
0.04482758620689655
0.04482758620689655
0.04482758620689655
0.04482758620689655
0.04482758620689655
0.04482758620689655
0.04482758620689655
0.04482758620689655
0.04482758620689655
0.04482758620689655
0.04482758620689655
0.04482758620689655
0.04482758620689655
0.04482758620689655
0.04482758620689655
0.04482758620689655
0.04367816091954023
0.04367816091954023
0.041379310344827586
0.041379310344827586
0.041379310344827586
0.041379310344827586
0.040229885057471264
0.040229885057471264
0.040229885057471264
0.03908045977011494
0.03908045977011494
0.03908045977011494
0.03908045977011494
0.03908045977011494
0.03793103448275862
0.03793103448275862
0.03793103448275862
0.03793103448275862
0.03793103448275862
0.03793103448275862
0.0367816091954023
0.0367816091954023
0.0367816091954023
0.0367816091954023
0.0367816091954023
0.035632183908045977
0.035632183908045977
0.035632183908045977
0.035632183908045977
0.035632183908045977
0.035632183908045977
0.034482758620689655
0.034482758620689655
0.034482758620689655
0.034482758620689655
0.03333333333333333
0.03333333333333333
0.03333333333333333
0.03333333333333333
0.03218390804597701
0.03218390804597701
0.03218390804597701
0.03218390804597701
0.03218390804597701
0.03218390804597701
0.03218390804597701
0.03218390804597701
0.03218390804597701
0.03103448275862069
0.03103448275862069
0.03103448275862069
0.03103448275862069
0.03103448275862069
0.03103448275862069
0.029885057471264367
0.029885057471264367
0.029885057471264367
0.029885057471264367
0.029885057471264367
0.029885057471264367
0.029885057471264367
0.029885057471264367
0.029885057471264367
0.029885057471264367
0.029885057471264367
0.029885057471264367
0.029885057471264367
0.029885057471264367
0.029885057471264367
0.029885057471264367
0.029885057471264367
0.029885057471264367
0.029885057471264367
0.029885057471264367
0.029885057471264367
0.029885057471264367
0.028735632183908046
0.028735632183908046
0.027586206896551724
0.027586206896551724
0.027586206896551724
0.027586206896551724
0.026436781609195402
0.026436781609195402
0.026436781609195402
0.026436781609195402
0.026436781609195402
0.026436781609195402
0.026436781609195402
0.02528735632183908
0.02528735632183908
0.02528735632183908
0.02528735632183908
0.02528735632183908
0.02528735632183908
0.02528735632183908
0.02528735632183908
0.02528735632183908
0.02413793103448276
0.02413793103448276
0.02413793103448276
0.02413793103448276
0.02413793103448276
0.02413793103448276
0.02413793103448276
0.02413793103448276
0.02413793103448276
0.02413793103448276
0.02413793103448276
0.02413793103448276
0.02413793103448276
0.02413793103448276
0.02413793103448276
0.02413793103448276
0.02413793103448276
0.02413793103448276
0.02413793103448276
0.02413793103448276
0.02413793103448276
0.02413793103448276
0.02413793103448276
0.02413793103448276
0.02413793103448276
0.02413793103448276
0.02413793103448276
0.02413793103448276
0.02413793103448276
0.022988505747126436
0.022988505747126436
0.022988505747126436
0.022988505747126436
0.022988505747126436
0.022988505747126436
0.022988505747126436
0.022988505747126436
0.022988505747126436
0.022988505747126436
0.021839080459770115
0.021839080459770115
0.021839080459770115
0.021839080459770115
0.021839080459770115
0.021839080459770115
0.021839080459770115
0.021839080459770115
0.021839080459770115
0.021839080459770115
0.021839080459770115
0.021839080459770115
0.021839080459770115
0.021839080459770115
0.021839080459770115
0.021839080459770115
0.021839080459770115
0.021839080459770115
0.021839080459770115
0.021839080459770115
0.021839080459770115
0.021839080459770115
0.021839080459770115
0.021839080459770115
0.021839080459770115
0.021839080459770115
0.021839080459770115
0.021839080459770115
0.021839080459770115
0.021839080459770115
0.021839080459770115
0.021839080459770115
0.021839080459770115
0.021839080459770115
0.021839080459770115
0.020689655172413793
0.020689655172413793
0.020689655172413793
0.020689655172413793
0.020689655172413793
0.020689655172413793
0.020689655172413793
0.020689655172413793
0.020689655172413793
0.020689655172413793
0.020689655172413793
0.020689655172413793
0.020689655172413793
0.020689655172413793
0.020689655172413793
0.020689655172413793
0.020689655172413793
0.020689655172413793
0.020689655172413793
0.020689655172413793
0.020689655172413793
0.020689655172413793
0.020689655172413793
0.020689655172413793
0.020689655172413793
0.020689655172413793
0.020689655172413793
0.020689655172413793
0.020689655172413793
0.020689655172413793
0.020689655172413793
0.020689655172413793
0.020689655172413793
0.020689655172413793
0.020689655172413793
0.020689655172413793
0.020689655172413793
0.020689655172413793
0.020689655172413793
0.020689655172413793
0.020689655172413793
0.020689655172413793
0.020689655172413793
0.020689655172413793
0.01954022988505747
0.01954022988505747
0.01954022988505747
0.01954022988505747
0.01954022988505747
0.01954022988505747
0.01954022988505747
0.01954022988505747
0.01954022988505747
0.01954022988505747
0.01954022988505747
0.01954022988505747
0.01954022988505747
0.01954022988505747
0.01954022988505747
0.01839080459770115
0.01839080459770115
0.01839080459770115
0.01839080459770115
0.01839080459770115
0.01839080459770115
0.01839080459770115
0.01839080459770115
0.01839080459770115
0.01839080459770115
0.01839080459770115
0.017241379310344827
0.017241379310344827
0.017241379310344827
0.017241379310344827
0.017241379310344827
0.017241379310344827
0.017241379310344827
0.017241379310344827
0.017241379310344827
0.016091954022988506
0.016091954022988506
0.016091954022988506
0.016091954022988506
0.016091954022988506
0.016091954022988506
0.016091954022988506
0.014942528735632184
0.014942528735632184
0.014942528735632184
0.014942528735632184
0.014942528735632184
0.014942528735632184
0.014942528735632184
0.014942528735632184
0.014942528735632184
0.014942528735632184
0.014942528735632184
0.014942528735632184
0.014942528735632184
0.014942528735632184
0.014942528735632184
0.014942528735632184
0.014942528735632184
0.014942528735632184
0.014942528735632184
0.014942528735632184
0.014942528735632184
0.014942528735632184
0.014942528735632184
0.014942528735632184
0.014942528735632184
0.014942528735632184
0.014942528735632184
0.014942528735632184
0.014942528735632184
0.013793103448275862
0.013793103448275862
0.013793103448275862
0.013793103448275862
0.013793103448275862
0.013793103448275862
0.013793103448275862
0.013793103448275862
0.013793103448275862
0.013793103448275862
0.013793103448275862
0.013793103448275862
0.013793103448275862
0.013793103448275862
0.013793103448275862
0.013793103448275862
0.013793103448275862
0.013793103448275862
0.013793103448275862
0.01264367816091954
0.01264367816091954
0.01264367816091954
0.01264367816091954
0.01264367816091954
0.011494252873563218
0.011494252873563218
0.011494252873563218
0.011494252873563218
0.011494252873563218
0.011494252873563218
0.011494252873563218
0.010344827586206896
0.010344827586206896
0.009195402298850575
0.009195402298850575
0.009195402298850575
0.009195402298850575
0.005747126436781609
0.0022988505747126436
