0.24295774647887325
0.2300469483568075
0.2136150234741784
0.2007042253521127
0.1983568075117371
0.1936619718309859
0.19014084507042253
0.17370892018779344
0.17253521126760563
0.16784037558685447
0.1607981220657277
0.15492957746478872
0.15492957746478872
0.14788732394366197
0.1467136150234742
0.14553990610328638
0.14084507042253522
0.13732394366197184
0.13732394366197184
0.13497652582159625
0.12910798122065728
0.12910798122065728
0.12793427230046947
0.1267605633802817
0.1255868544600939
0.12323943661971831
0.12323943661971831
0.11971830985915492
0.11502347417840375
0.11384976525821597
0.11384976525821597
0.11150234741784038
0.107981220657277
0.107981220657277
0.107981220657277
0.1056338028169014
0.1056338028169014
0.1056338028169014
0.1056338028169014
0.1056338028169014
0.10446009389671361
0.10328638497652583
0.10328638497652583
0.09741784037558686
0.09389671361502347
0.09389671361502347
0.09154929577464789
0.08685446009389672
0.08568075117370892
0.08098591549295775
0.08098591549295775
0.07981220657276995
0.07981220657276995
0.07981220657276995
0.07511737089201878
0.07511737089201878
0.07276995305164319
0.0715962441314554
0.0715962441314554
0.07042253521126761
0.07042253521126761
0.06924882629107981
0.06924882629107981
0.06924882629107981
0.06807511737089202
0.06690140845070422
0.06572769953051644
0.06572769953051644
0.06572769953051644
0.06455399061032864
0.06338028169014084
0.06338028169014084
0.06103286384976526
0.05985915492957746
0.05985915492957746
0.056338028169014086
0.056338028169014086
0.056338028169014086
0.056338028169014086
0.05516431924882629
0.05516431924882629
0.05516431924882629
0.05516431924882629
0.0539906103286385
0.051643192488262914
0.051643192488262914
0.051643192488262914
0.05046948356807512
0.05046948356807512
0.04929577464788732
0.04812206572769953
0.04812206572769953
0.04812206572769953
0.04812206572769953
0.04812206572769953
0.04812206572769953
0.04812206572769953
0.04812206572769953
0.046948356807511735
0.046948356807511735
0.046948356807511735
0.046948356807511735
0.045774647887323945
0.045774647887323945
0.04460093896713615
0.04460093896713615
0.04342723004694836
0.04342723004694836
0.04342723004694836
0.04342723004694836
0.04342723004694836
0.04225352112676056
0.04225352112676056
0.04107981220657277
0.04107981220657277
0.04107981220657277
0.04107981220657277
0.03990610328638498
0.03990610328638498
0.03990610328638498
0.03755868544600939
0.03755868544600939
0.03755868544600939
0.03755868544600939
0.03755868544600939
0.036384976525821594
0.036384976525821594
0.036384976525821594
0.036384976525821594
0.036384976525821594
0.036384976525821594
0.036384976525821594
0.036384976525821594
0.036384976525821594
0.035211267605633804
0.035211267605633804
0.035211267605633804
0.035211267605633804
0.035211267605633804
0.035211267605633804
0.035211267605633804
0.035211267605633804
0.03403755868544601
0.03403755868544601
0.03403755868544601
0.03403755868544601
0.03403755868544601
0.03403755868544601
0.03403755868544601
0.03403755868544601
0.03403755868544601
0.03403755868544601
0.03403755868544601
0.03403755868544601
0.03403755868544601
0.03403755868544601
0.03403755868544601
0.03403755868544601
0.03403755868544601
0.03403755868544601
0.03403755868544601
0.03403755868544601
0.03403755868544601
0.03403755868544601
0.03403755868544601
0.03403755868544601
0.03403755868544601
0.03403755868544601
0.03403755868544601
0.03403755868544601
0.03403755868544601
0.03403755868544601
0.03403755868544601
0.03403755868544601
0.03403755868544601
0.03403755868544601
0.03403755868544601
0.03403755868544601
0.03403755868544601
0.03286384976525822
0.03286384976525822
0.03286384976525822
0.03286384976525822
0.03286384976525822
0.03286384976525822
0.03286384976525822
0.03286384976525822
0.03286384976525822
0.03286384976525822
0.03286384976525822
0.03286384976525822
0.03286384976525822
0.03286384976525822
0.03286384976525822
0.03286384976525822
0.03286384976525822
0.03286384976525822
0.03286384976525822
0.03286384976525822
0.03286384976525822
0.03286384976525822
0.03286384976525822
0.03169014084507042
0.03169014084507042
0.03169014084507042
0.03169014084507042
0.03169014084507042
0.03169014084507042
0.03169014084507042
0.03169014084507042
0.03169014084507042
0.03169014084507042
0.03051643192488263
0.03051643192488263
0.03051643192488263
0.03051643192488263
0.03051643192488263
0.029342723004694836
0.029342723004694836
0.028169014084507043
0.028169014084507043
0.028169014084507043
0.028169014084507043
0.028169014084507043
0.028169014084507043
0.028169014084507043
0.028169014084507043
0.02699530516431925
0.02699530516431925
0.02699530516431925
0.02699530516431925
0.02699530516431925
0.025821596244131457
0.025821596244131457
0.025821596244131457
0.02464788732394366
0.02464788732394366
0.02464788732394366
0.02464788732394366
0.02464788732394366
0.02464788732394366
0.02464788732394366
0.02464788732394366
0.02464788732394366
0.02464788732394366
0.02464788732394366
0.02464788732394366
0.02464788732394366
0.02464788732394366
0.02464788732394366
0.02464788732394366
0.02464788732394366
0.023474178403755867
0.023474178403755867
0.022300469483568074
0.022300469483568074
0.022300469483568074
0.02112676056338028
0.01995305164319249
0.018779342723004695
0.017605633802816902
0.014084507042253521
0.014084507042253521
0.012910798122065728
0.012910798122065728
0.012910798122065728
0.004694835680751174
0.0035211267605633804
