0.20305164319248825
0.1960093896713615
0.19248826291079812
0.176056338028169
0.17488262910798122
0.17136150234741784
0.16666666666666666
0.1643192488262911
0.1572769953051643
0.15258215962441316
0.15023474178403756
0.14788732394366197
0.1443661971830986
0.13615023474178403
0.13497652582159625
0.13262910798122066
0.13028169014084506
0.12910798122065728
0.1267605633802817
0.1267605633802817
0.12323943661971831
0.11971830985915492
0.11854460093896714
0.11854460093896714
0.11854460093896714
0.11619718309859155
0.11619718309859155
0.11150234741784038
0.10915492957746478
0.1056338028169014
0.1056338028169014
0.10446009389671361
0.10328638497652583
0.10328638497652583
0.10328638497652583
0.10211267605633803
0.10211267605633803
0.10211267605633803
0.10211267605633803
0.09976525821596244
0.09741784037558686
0.09624413145539906
0.09507042253521127
0.09154929577464789
0.0892018779342723
0.0880281690140845
0.0880281690140845
0.08450704225352113
0.08098591549295775
0.07981220657276995
0.07981220657276995
0.07863849765258216
0.07746478873239436
0.07629107981220658
0.07394366197183098
0.0715962441314554
0.06924882629107981
0.06924882629107981
0.06924882629107981
0.06924882629107981
0.06924882629107981
0.06924882629107981
0.06807511737089202
0.06807511737089202
0.06572769953051644
0.06572769953051644
0.06455399061032864
0.06455399061032864
0.06455399061032864
0.062206572769953054
0.06103286384976526
0.06103286384976526
0.05985915492957746
0.05868544600938967
0.05868544600938967
0.056338028169014086
0.056338028169014086
0.05516431924882629
0.05516431924882629
0.05516431924882629
0.05516431924882629
0.0539906103286385
0.0528169014084507
0.051643192488262914
0.051643192488262914
0.05046948356807512
0.05046948356807512
0.04929577464788732
0.04812206572769953
0.04812206572769953
0.04812206572769953
0.04812206572769953
0.04812206572769953
0.04812206572769953
0.04812206572769953
0.046948356807511735
0.046948356807511735
0.046948356807511735
0.045774647887323945
0.045774647887323945
0.04460093896713615
0.04460093896713615
0.04342723004694836
0.04342723004694836
0.04342723004694836
0.04225352112676056
0.04225352112676056
0.04225352112676056
0.04225352112676056
0.04107981220657277
0.04107981220657277
0.03990610328638498
0.03990610328638498
0.03990610328638498
0.03873239436619718
0.03873239436619718
0.03755868544600939
0.03755868544600939
0.03755868544600939
0.03755868544600939
0.03755868544600939
0.036384976525821594
0.036384976525821594
0.036384976525821594
0.036384976525821594
0.036384976525821594
0.036384976525821594
0.036384976525821594
0.036384976525821594
0.035211267605633804
0.035211267605633804
0.035211267605633804
0.035211267605633804
0.035211267605633804
0.035211267605633804
0.035211267605633804
0.035211267605633804
0.03403755868544601
0.03403755868544601
0.03403755868544601
0.03403755868544601
0.03403755868544601
0.03403755868544601
0.03403755868544601
0.03403755868544601
0.03403755868544601
0.03403755868544601
0.03403755868544601
0.03403755868544601
0.03403755868544601
0.03403755868544601
0.03403755868544601
0.03403755868544601
0.03403755868544601
0.03403755868544601
0.03403755868544601
0.03403755868544601
0.03403755868544601
0.03403755868544601
0.03403755868544601
0.03403755868544601
0.03403755868544601
0.03403755868544601
0.03403755868544601
0.03403755868544601
0.03403755868544601
0.03403755868544601
0.03403755868544601
0.03403755868544601
0.03403755868544601
0.03403755868544601
0.03286384976525822
0.03286384976525822
0.03286384976525822
0.03286384976525822
0.03286384976525822
0.03286384976525822
0.03286384976525822
0.03286384976525822
0.03286384976525822
0.03286384976525822
0.03286384976525822
0.03286384976525822
0.03286384976525822
0.03286384976525822
0.03286384976525822
0.03286384976525822
0.03286384976525822
0.03286384976525822
0.03286384976525822
0.03286384976525822
0.03286384976525822
0.03286384976525822
0.03286384976525822
0.03286384976525822
0.03286384976525822
0.03286384976525822
0.03169014084507042
0.03169014084507042
0.03169014084507042
0.03169014084507042
0.03169014084507042
0.03169014084507042
0.03169014084507042
0.03169014084507042
0.03169014084507042
0.03169014084507042
0.03169014084507042
0.03169014084507042
0.03169014084507042
0.03169014084507042
0.03169014084507042
0.029342723004694836
0.029342723004694836
0.028169014084507043
0.028169014084507043
0.028169014084507043
0.028169014084507043
0.028169014084507043
0.02699530516431925
0.02699530516431925
0.025821596244131457
0.025821596244131457
0.023474178403755867
0.023474178403755867
0.02112676056338028
0.02112676056338028
0.01995305164319249
0.011737089201877934
0.011737089201877934
