0.12910798122065728
0.12910798122065728
0.1267605633802817
0.1255868544600939
0.12441314553990611
0.12089201877934272
0.11854460093896714
0.11854460093896714
0.11737089201877934
0.11619718309859155
0.11502347417840375
0.11502347417840375
0.11032863849765258
0.107981220657277
0.10446009389671361
0.10328638497652583
0.10211267605633803
0.10093896713615023
0.10093896713615023
0.09741784037558686
0.09741784037558686
0.09624413145539906
0.09507042253521127
0.09389671361502347
0.09272300469483569
0.09154929577464789
0.09154929577464789
0.0880281690140845
0.0880281690140845
0.08685446009389672
0.08685446009389672
0.08685446009389672
0.08450704225352113
0.08333333333333333
0.08333333333333333
0.08333333333333333
0.08215962441314555
0.08215962441314555
0.07863849765258216
0.07746478873239436
0.07746478873239436
0.07629107981220658
0.07276995305164319
0.07042253521126761
0.07042253521126761
0.06924882629107981
0.06924882629107981
0.06924882629107981
0.06807511737089202
0.06690140845070422
0.06572769953051644
0.06572769953051644
0.06338028169014084
0.06338028169014084
0.06338028169014084
0.062206572769953054
0.062206572769953054
0.05985915492957746
0.05868544600938967
0.05868544600938967
0.05868544600938967
0.057511737089201875
0.057511737089201875
0.056338028169014086
0.056338028169014086
0.05516431924882629
0.05516431924882629
0.0539906103286385
0.0539906103286385
0.0539906103286385
0.0539906103286385
0.051643192488262914
0.051643192488262914
0.05046948356807512
0.05046948356807512
0.05046948356807512
0.05046948356807512
0.04929577464788732
0.04929577464788732
0.04812206572769953
0.04812206572769953
0.046948356807511735
0.046948356807511735
0.046948356807511735
0.04460093896713615
0.04460093896713615
0.04460093896713615
0.04342723004694836
0.04342723004694836
0.04225352112676056
0.04225352112676056
0.04225352112676056
0.04225352112676056
0.04225352112676056
0.04225352112676056
0.04107981220657277
0.03990610328638498
0.03873239436619718
0.03873239436619718
0.03873239436619718
0.03755868544600939
0.03755868544600939
0.03403755868544601
0.03169014084507042
0.03169014084507042
0.03169014084507042
0.03051643192488263
0.029342723004694836
0.028169014084507043
0.01995305164319249
0.015258215962441314
0.004694835680751174
