434 434
27 27
7611 7611
12790 12790
13724 13724
375 375
387 387
1995 1995
2067 2067
9356 9356
13684 13684
5181 5181
12781 12781
399 399
440 440
3722 3722
2054 2054
5796 5796
5926 5926
5970 5970
402 402
1267 1267
1325 1325
9410 9410
14639 14639
9843 9843
16684 16684
3155 3155
5088 5088
7736 7736
2843 2843
2903 2903
395 395
1761 1761
12597 12597
389 389
2241 2241
4380 4380
4779 4779
1350 1350
2561 2561
6380 6380
7175 7175
7904 7904
8394 8394
8403 8403
12211 12211
13928 13928
13930 13930
5016 5016
2988 2988
5203 5203
10414 10414
11112 11112
11707 11707
12866 12866
13650 13650
18220 18220
18649 18649
818 818
2009 2009
3096 3096
5018 5018
5078 5078
5099 5099
5148 5148
15040 15040
15950 15950
15951 15951
15972 15972
15149 15149
4178 4178
12263 12263
15030 15030
17079 17079
1171 1171
4475 4475
4610 4610
8200 8200
10109 10109
13293 13293
13865 13865
14299 14299
454 454
18282 18282
3427 3427
650 650
13389 13389
14271 14271
1358 1358
2231 2231
1693 1693
757 757
1706 1706
2387 2387
3318 3318
5531 5531
5901 5901
9107 9107
12137 12137
431 431
2024 2024
3892 3892
7768 7768
896 896
11380 11380
16473 16473
18391 18391
3424 3424
5613 5613
7980 7980
3821 3821
13562 13562
18332 18332
5195 5195
10683 10683
9748 9748
2167 2167
6393 6393
412 412
1868 1868
4309 4309
8365 8365
9732 9732
14003 14003
13670 13670
3815 3815
3117 3117
241 241
4267 4267
5291 5291
6469 6469
9219 9219
16407 16407
18417 18417
18635 18635
396 396
915 915
3720 3720
7250 7250
2118 2118
3118 3118
8302 8302
9498 9498
12126 12126
12897 12897
7050 7050
7060 7060
11008 11008
11419 11419
13111 13111
14475 14475
4767 4767
6232 6232
6900 6900
11765 11765
1362 1362
5713 5713
8583 8583
8585 8585
7277 7277
4273 4273
11010 11010
289 289
316 316
416 416
2245 2245
4482 4482
8404 8404
12638 12638
5131 5131
413 413
5287 5287
5610 5610
10716 10716
12514 12514
15807 15807
181 181
3113 3113
9611 9611
9612 9612
18636 18636
3872 3872
3873 3873
4317 4317
5310 5310
7126 7126
7359 7359
7431 7431
13560 13560
13760 13760
15675 15675
11788 11788
13919 13919
290 290
9099 9099
9329 9329
11420 11420
4765 4765
1153 1153
18244 18244
12872 12872
3150 3150
12873 12873
995 995
2599 2599
10199 10199
13524 13524
2973 2973
3153 3153
9026 9026
11251 11251
11706 11706
9051 9051
9250 9250
17431 17431
4117 4117
8742 8742
12264 12264
740 740
9877 9877
15592 15592
5920 5920
5955 5955
12517 12517
12818 12818
16377 16377
5128 5128
8525 8525
12637 12637
4183 4183
4903 4903
9621 9621
12787 12787
13690 13690
12074 12074
901 901
6799 6799
8361 8361
873 873
3190 3190
639 639
2609 2609
4176 4176
6327 6327
6806 6806
6809 6809
9031 9031
9368 9368
10447 10447
11440 11440
11785 11785
12103 12103
12999 12999
14096 14096
18085 18085
18257 18257
18303 18303
2748 2748
7125 7125
15435 15435
18438 18438
11110 11110
5346 5346
903 903
2389 2389
2400 2400
5540 5540
8479 8479
3947 3947
4038 4038
5328 5328
6664 6664
10581 10581
77 77
126 126
809 809
1414 1414
1611 1611
1722 1722
1820 1820
2078 2078
2211 2211
2422 2422
3271 3271
6219 6219
6220 6220
6379 6379
7897 7897
9652 9652
10633 10633
12436 12436
13826 13826
14100 14100
8256 8256
12537 12537
16826 16826
2225 2225
14919 14919
15458 15458
1328 1328
7760 7760
4239 4239
190 190
720 720
2406 2406
2510 2510
4315 4315
4466 4466
4585 4585
5030 5030
6048 6048
6194 6194
10511 10511
12040 12040
12558 12558
13924 13924
14334 14334
18514 18514
18520 18520
526 526
2059 2059
11004 11004
226 226
1707 1707
763 763
205 205
334 334
627 627
1951 1951
3614 3614
5655 5655
6775 6775
9711 9711
9712 9712
10402 10402
10675 10675
11898 11898
12629 12629
12906 12906
13349 13349
13725 13725
13728 13728
6586 6586
2455 2455
13990 13990
14358 14358
7293 7293
14505 14505
5541 5541
5813 5813
3129 3129
7567 7567
7656 7656
11359 11359
1936 1936
7146 7146
9245 9245
11438 11438
13869 13869
6597 6597
7958 7958
8376 8376
9989 9989
229 229
3366 3366
3777 3777
7216 7216
13376 13376
1653 1653
7127 7127
2254 2254
3154 3154
10360 10360
12261 12261
16088 16088
13423 13423
3530 3530
4422 4422
12071 12071
1347 1347
12902 12902
5685 5685
8083 8083
5677 5677
9588 9588
14224 14224
4233 4233
13702 13702
18640 18640
8341 8341
6447 6447
1447 1447
6362 6362
12204 12204
2739 2739
2376 2376
3209 3209
9411 9411
14329 14329
17673 17673
2812 2812
3307 3307
3351 3351
6406 6406
7019 7019
302 302
1308 1308
5237 5237
7319 7319
8652 8652
5233 5233
7045 7045
7155 7155
7688 7688
7889 7889
15246 15246
16871 16871
5185 5185
3214 3214
9557 9557
10703 10703
14496 14496
15474 15474
2268 2268
2589 2589
16602 16602
12101 12101
1634 1634
6085 6085
3429 3429
146 146
7197 7197
11331 11331
11360 11360
13363 13363
713 713
7945 7945
12594 12594
4185 4185
8103 8103
17605 17605
5297 5297
7856 7856
10151 10151
13713 13713
344 344
3047 3047
3466 3466
9918 9918
12926 12926
13059 13059
5786 5786
6672 6672
14451 14451
4752 4752
14296 14296
5476 5476
6066 6066
9221 9221
10496 10496
8613 8613
4990 4990
4362 4362
3882 3882
8786 8786
6601 6601
9781 9781
3323 3323
9314 9314
17064 17064
14924 14924
2228 2228
3689 3689
7580 7580
7719 7719
8224 8224
10988 10988
8638 8638
15961 15961
10460 10460
1566 1566
3091 3091
7953 7953
9826 9826
17301 17301
18651 18651
7164 7164
2905 2905
6238 6238
6241 6241
6418 6418
7947 7947
7017 7017
12820 12820
15964 15964
7328 7328
9669 9669
13679 13679
13790 13790
15517 15517
17734 17734
16225 16225
16641 16641
1716 1716
11176 11176
6630 6630
8219 8219
11621 11621
1324 1324
3762 3762
16892 16892
14905 14905
18262 18262
6385 6385
2398 2398
7272 7272
11640 11640
9992 9992
12155 12155
6265 6265
8722 8722
301 301
2419 2419
11711 11711
379 379
2244 2244
2260 2260
5514 5514
8325 8325
13918 13918
12775 12775
3367 3367
3818 3818
6790 6790
4564 4564
7829 7829
394 394
1384 1384
11088 11088
10439 10439
11308 11308
15356 15356
13093 13093
14723 14723
15518 15518
15727 15727
15732 15732
16175 16175
16695 16695
17250 17250
18554 18554
2209 2209
3027 3027
4121 4121
4715 4715
4953 4953
6291 6291
7801 7801
8035 8035
10234 10234
10549 10549
11915 11915
14630 14630
16988 16988
6781 6781
14517 14517
764 764
2051 2051
5202 5202
17426 17426
483 483
4584 4584
4498 4498
5124 5124
2928 2928
9858 9858
14145 14145
2126 2126
4404 4404
18659 18659
648 648
780 780
949 949
2056 2056
2909 2909
2931 2931
5193 5193
6305 6305
6356 6356
6585 6585
8398 8398
8405 8405
8426 8426
9662 9662
9695 9695
11958 11958
12228 12228
12769 12769
14011 14011
7558 7558
5485 5485
5702 5702
7488 7488
9278 9278
13083 13083
16019 16019
16096 16096
16733 16733
16778 16778
17145 17145
17522 17522
17524 17524
18125 18125
18142 18142
18420 18420
12938 12938
4205 4205
12301 12301
15089 15089
15101 15101
14273 14273
8504 8504
13098 13098
5272 5272
12011 12011
929 929
9572 9572
429 429
2428 2428
12058 12058
12064 12064
2640 2640
1448 1448
10686 10686
9710 9710
8928 8928
9470 9470
2549 2549
7827 7827
3084 3084
3085 3085
3087 3087
624 624
7381 7381
7318 7318
12919 12919
12596 12596
15790 15790
305 305
10364 10364
442 442
443 443
2990 2990
5434 5434
7632 7632
4455 4455
1108 1108
7684 7684
13541 13541
12100 12100
18486 18486
5009 5009
7103 7103
14535 14535
2347 2347
3315 3315
15240 15240
12119 12119
15875 15875
8475 8475
3890 3890
8427 8427
2895 2895
18031 18031
5178 5178
13646 13646
1286 1286
8910 8910
5334 5334
15833 15833
14030 14030
16286 16286
17616 17616
2632 2632
8370 8370
319 319
6169 6169
18208 18208
315 315
9828 9828
10220 10220
2046 2046
5244 5244
15383 15383
14566 14566
1513 1513
6550 6550
8130 8130
15543 15543
16084 16084
17082 17082
17148 17148
231 231
15991 15991
16050 16050
17655 17655
12640 12640
15245 15245
1031 1031
5188 5188
16282 16282
14705 14705
2165 2165
7931 7931
8941 8941
15805 15805
7200 7200
10457 10457
14581 14581
5249 5249
12003 12003
13801 13801
8442 8442
3757 3757
11006 11006
14523 14523
3783 3783
5220 5220
14072 14072
6294 6294
7047 7047
6881 6881
7772 7772
8054 8054
8870 8870
1175 1175
3124 3124
3125 3125
5563 5563
9322 9322
10886 10886
13504 13504
13505 13505
13506 13506
14064 14064
14837 14837
18310 18310
18311 18311
18312 18312
18314 18314
18338 18338
4640 4640
17495 17495
12653 12653
3396 3396
5624 5624
565 565
566 566
5962 5962
2890 2890
4432 4432
12116 12116
8622 8622
1764 1764
6334 6334
7433 7433
11742 11742
6730 6730
1821 1821
1918 1918
2657 2657
6162 6162
9422 9422
12273 12273
13649 13649
14340 14340
7029 7029
3561 3561
13912 13912
4802 4802
1867 1867
2317 2317
13558 13558
14442 14442
677 677
6067 6067
12128 12128
12910 12910
14272 14272
14274 14274
6901 6901
6962 6962
16534 16534
4131 4131
5607 5607
6070 6070
12284 12284
15745 15745
9776 9776
17307 17307
17308 17308
288 288
9674 9674
12595 12595
1891 1891
10588 10588
12791 12791
2210 2210
7795 7795
7584 7584
12922 12922
14970 14970
15017 15017
15420 15420
15492 15492
17073 17073
17083 17083
18563 18563
1346 1346
7793 7793
14627 14627
8610 8610
14180 14180
665 665
11105 11105
13686 13686
16885 16885
1735 1735
5818 5818
2396 2396
4720 4720
353 353
8236 8236
12990 12990
11646 11646
3269 3269
11177 11177
12492 12492
3419 3419
3281 3281
9153 9153
10308 10308
5738 5738
15465 15465
9686 9686
9270 9270
3547 3547
730 730
5805 5805
1282 1282
3187 3187
8111 8111
13449 13449
12951 12951
4999 4999
7748 7748
8314 8314
691 691
6034 6034
112 112
13954 13954
14534 14534
7085 7085
1105 1105
1590 1590
2327 2327
7373 7373
439 439
15129 15129
