14652 14652
10652 10652
10662 10662
1633 1633
1969 1969
2017 2017
3685 3685
10064 10064
14641 14641
16128 16128
18870 18870
460 460
2827 2827
2503 2503
4798 4798
5146 5146
9314 9314
10186 10186
14159 14159
15571 15571
16827 16827
2528 2528
20838 20838
22619 22619
11781 11781
18697 18697
889 889
2588 2588
2912 2912
4598 4598
11336 11336
9940 9940
18905 18905
6706 6706
6025 6025
16138 16138
1164 1164
1615 1615
2030 2030
5709 5709
14517 14517
5455 5455
10576 10576
10739 10739
16124 16124
11931 11931
6673 6673
6679 6679
11734 11734
14643 14643
22461 22461
1335 1335
21593 21593
7733 7733
18132 18132
18687 18687
22198 22198
2832 2832
9941 9941
14033 14033
1060 1060
7515 7515
2833 2833
14660 14660
15436 15436
8992 8992
9799 9799
22410 22410
14037 14037
15328 15328
15193 15193
22534 22534
2296 2296
21131 21131
3283 3283
3922 3922
2812 2812
2810 2810
14608 14608
22199 22199
8357 8357
9385 9385
14659 14659
6 6
16237 16237
16958 16958
1421 1421
7270 7270
17501 17501
17526 17526
7337 7337
289 289
2065 2065
17351 17351
22197 22197
9717 9717
12703 12703
14919 14919
2141 2141
13923 13923
4023 4023
18506 18506
19116 19116
2725 2725
4980 4980
17321 17321
12024 12024
13564 13564
8856 8856
21178 21178
18584 18584
18684 18684
19031 19031
205 205
15388 15388
7093 7093
13173 13173
3276 3276
3592 3592
9944 9944
14544 14544
14183 14183
14936 14936
2016 2016
19043 19043
20637 20637
15933 15933
18700 18700
10312 10312
11479 11479
386 386
8239 8239
285 285
21526 21526
4009 4009
4596 4596
10252 10252
11272 11272
11706 11706
10033 10033
10071 10071
20375 20375
20591 20591
21758 21758
22622 22622
16243 16243
1713 1713
3151 3151
12084 12084
9164 9164
22957 22957
12863 12863
5595 5595
2278 2278
15013 15013
5333 5333
16995 16995
9586 9586
519 519
1616 1616
3912 3912
6141 6141
7435 7435
11103 11103
21403 21403
12049 12049
2343 2343
13344 13344
18208 18208
11741 11741
9157 9157
2584 2584
7145 7145
1949 1949
11547 11547
2108 2108
6134 6134
10886 10886
14497 14497
15920 15920
15963 15963
18301 18301
12395 12395
12857 12857
18802 18802
20742 20742
22956 22956
2800 2800
10008 10008
17834 17834
10318 10318
8407 8407
7019 7019
2658 2658
11731 11731
11769 11769
12249 12249
17528 17528
22235 22235
18246 18246
19954 19954
7384 7384
6980 6980
9000 9000
9046 9046
14850 14850
15935 15935
14050 14050
9189 9189
11801 11801
14460 14460
18486 18486
11344 11344
18952 18952
19307 19307
19397 19397
21705 21705
17548 17548
7652 7652
10338 10338
17915 17915
22620 22620
10076 10076
4277 4277
13142 13142
16136 16136
20858 20858
20992 20992
1120 1120
11773 11773
4396 4396
18483 18483
4431 4431
7876 7876
7925 7925
1067 1067
5639 5639
15048 15048
17366 17366
17369 17369
19676 19676
371 371
17760 17760
6118 6118
927 927
21768 21768
21822 21822
23080 23080
4912 4912
20490 20490
13871 13871
10895 10895
6257 6257
3883 3883
10664 10664
18498 18498
19046 19046
21026 21026
7528 7528
2515 2515
849 849
4468 4468
6906 6906
9803 9803
12736 12736
290 290
3600 3600
7262 7262
8880 8880
10153 10153
10268 10268
10853 10853
11367 11367
11600 11600
17326 17326
18003 18003
10115 10115
22618 22618
8777 8777
1357 1357
512 512
16555 16555
21633 21633
3877 3877
4178 4178
11108 11108
17008 17008
15185 15185
44 44
185 185
18069 18069
805 805
9969 9969
2099 2099
3368 3368
6678 6678
14335 14335
1591 1591
10675 10675
12672 12672
5416 5416
6287 6287
20898 20898
18734 18734
19149 19149
20869 20869
22663 22663
8707 8707
13439 13439
15480 15480
9665 9665
18945 18945
13901 13901
21324 21324
8475 8475
9856 9856
18334 18334
20929 20929
12259 12259
9964 9964
15932 15932
17135 17135
8153 8153
2336 2336
10022 10022
10615 10615
2291 2291
22052 22052
15045 15045
1340 1340
3486 3486
9140 9140
6690 6690
823 823
1711 1711
18492 18492
18502 18502
19058 19058
17220 17220
98 98
4632 4632
18423 18423
16335 16335
11979 11979
10159 10159
16246 16246
16900 16900
13406 13406
14458 14458
4819 4819
9829 9829
14985 14985
22932 22932
8607 8607
12397 12397
10066 10066
958 958
3905 3905
10605 10605
4128 4128
14611 14611
21527 21527
16774 16774
19799 19799
20602 20602
22877 22877
13695 13695
21923 21923
22392 22392
22065 22065
6723 6723
13661 13661
12956 12956
18545 18545
876 876
12399 12399
4222 4222
17677 17677
10572 10572
1976 1976
8552 8552
22959 22959
22960 22960
6495 6495
10666 10666
10668 10668
5240 5240
12112 12112
13399 13399
7735 7735
18500 18500
19556 19556
20521 20521
22277 22277
7968 7968
14053 14053
3233 3233
5128 5128
5872 5872
5916 5916
18189 18189
11399 11399
15221 15221
12939 12939
12858 12858
20217 20217
21632 21632
5076 5076
18182 18182
16606 16606
97 97
21051 21051
21943 21943
4974 4974
7215 7215
1959 1959
18349 18349
18407 18407
16875 16875
13211 13211
18012 18012
3909 3909
8550 8550
16697 16697
1337 1337
5530 5530
10961 10961
16828 16828
3246 3246
4796 4796
14700 14700
17013 17013
12965 12965
14997 14997
23086 23086
23131 23131
8161 8161
20214 20214
1448 1448
21932 21932
17508 17508
8923 8923
10007 10007
17542 17542
22617 22617
6818 6818
9197 9197
14000 14000
13865 13865
17374 17374
23090 23090
7258 7258
12125 12125
5885 5885
3487 3487
13268 13268
14899 14899
18066 18066
3994 3994
4512 4512
8387 8387
21223 21223
22624 22624
9993 9993
18696 18696
5640 5640
10713 10713
11889 11889
18427 18427
21788 21788
1816 1816
8006 8006
1943 1943
5330 5330
5967 5967
6585 6585
6593 6593
2640 2640
6924 6924
2286 2286
8493 8493
8497 8497
9417 9417
9423 9423
13081 13081
15802 15802
17527 17527
18747 18747
1016 1016
16699 16699
12026 12026
10055 10055
10721 10721
12780 12780
9936 9936
12932 12932
13418 13418
13654 13654
1719 1719
17521 17521
1942 1942
4487 4487
17543 17543
17577 17577
17496 17496
9773 9773
17303 17303
10547 10547
9498 9498
10622 10622
14975 14975
8771 8771
21075 21075
3851 3851
9601 9601
16123 16123
6583 6583
18258 18258
1707 1707
12321 12321
17145 17145
22292 22292
22397 22397
3936 3936
17531 17531
3433 3433
21949 21949
11269 11269
11372 11372
14040 14040
3682 3682
17613 17613
10725 10725
1955 1955
16140 16140
14656 14656
2547 2547
5675 5675
19496 19496
17579 17579
11727 11727
17476 17476
702 702
3226 3226
14049 14049
2792 2792
14662 14662
14663 14663
22815 22815
2418 2418
5746 5746
1111 1111
1447 1447
4652 4652
6301 6301
7429 7429
7432 7432
9158 9158
9224 9224
11965 11965
12132 12132
17701 17701
18733 18733
16528 16528
10017 10017
1539 1539
3607 3607
17094 17094
3377 3377
1041 1041
11939 11939
17341 17341
3688 3688
1058 1058
12745 12745
13203 13203
1735 1735
3908 3908
10639 10639
11848 11848
12105 12105
14667 14667
7227 7227
4206 4206
13329 13329
20583 20583
4030 4030
9761 9761
22873 22873
11754 11754
248 248
14408 14408
17517 17517
1510 1510
9577 9577
17205 17205
8858 8858
11217 11217
14646 14646
23126 23126
11414 11414
12655 12655
14905 14905
14906 14906
16294 16294
14299 14299
7719 7719
14649 14649
6152 6152
14423 14423
12761 12761
13436 13436
15002 15002
18665 18665
10428 10428
11714 11714
15316 15316
19172 19172
17257 17257
18097 18097
18469 18469
20341 20341
20343 20343
20344 20344
21197 21197
4077 4077
699 699
3926 3926
4480 4480
4626 4626
12839 12839
12852 12852
13704 13704
14277 14277
16304 16304
23277 23277
7992 7992
15406 15406
12083 12083
2122 2122
12835 12835
14070 14070
